#Theta (radians) from -pi to pi   remove this line before running code
-3.1415927
-3.138102041
-3.134611383
-3.131120724
-3.127630066
-3.124139407
-3.120648749
-3.11715809
-3.113667432
-3.110176773
-3.106686114
-3.103195456
-3.099704797
-3.096214139
-3.09272348
-3.089232822
-3.085742163
-3.082251505
-3.078760846
-3.075270187
-3.071779529
-3.06828887
-3.064798212
-3.061307553
-3.057816895
-3.054326236
-3.050835578
-3.047344919
-3.04385426
-3.040363602
-3.036872943
-3.033382285
-3.029891626
-3.026400968
-3.022910309
-3.019419651
-3.015928992
-3.012438333
-3.008947675
-3.005457016
-3.001966358
-2.998475699
-2.994985041
-2.991494382
-2.988003724
-2.984513065
-2.981022406
-2.977531748
-2.974041089
-2.970550431
-2.967059772
-2.963569114
-2.960078455
-2.956587797
-2.953097138
-2.949606479
-2.946115821
-2.942625162
-2.939134504
-2.935643845
-2.932153187
-2.928662528
-2.92517187
-2.921681211
-2.918190552
-2.914699894
-2.911209235
-2.907718577
-2.904227918
-2.90073726
-2.897246601
-2.893755943
-2.890265284
-2.886774625
-2.883283967
-2.879793308
-2.87630265
-2.872811991
-2.869321333
-2.865830674
-2.862340016
-2.858849357
-2.855358698
-2.85186804
-2.848377381
-2.844886723
-2.841396064
-2.837905406
-2.834414747
-2.830924089
-2.82743343
-2.823942771
-2.820452113
-2.816961454
-2.813470796
-2.809980137
-2.806489479
-2.80299882
-2.799508162
-2.796017503
-2.792526844
-2.789036186
-2.785545527
-2.782054869
-2.77856421
-2.775073552
-2.771582893
-2.768092235
-2.764601576
-2.761110917
-2.757620259
-2.7541296
-2.750638942
-2.747148283
-2.743657625
-2.740166966
-2.736676308
-2.733185649
-2.72969499
-2.726204332
-2.722713673
-2.719223015
-2.715732356
-2.712241698
-2.708751039
-2.705260381
-2.701769722
-2.698279063
-2.694788405
-2.691297746
-2.687807088
-2.684316429
-2.680825771
-2.677335112
-2.673844454
-2.670353795
-2.666863136
-2.663372478
-2.659881819
-2.656391161
-2.652900502
-2.649409844
-2.645919185
-2.642428527
-2.638937868
-2.635447209
-2.631956551
-2.628465892
-2.624975234
-2.621484575
-2.617993917
-2.614503258
-2.6110126
-2.607521941
-2.604031282
-2.600540624
-2.597049965
-2.593559307
-2.590068648
-2.58657799
-2.583087331
-2.579596673
-2.576106014
-2.572615355
-2.569124697
-2.565634038
-2.56214338
-2.558652721
-2.555162063
-2.551671404
-2.548180746
-2.544690087
-2.541199428
-2.53770877
-2.534218111
-2.530727453
-2.527236794
-2.523746136
-2.520255477
-2.516764819
-2.51327416
-2.509783501
-2.506292843
-2.502802184
-2.499311526
-2.495820867
-2.492330209
-2.48883955
-2.485348892
-2.481858233
-2.478367574
-2.474876916
-2.471386257
-2.467895599
-2.46440494
-2.460914282
-2.457423623
-2.453932965
-2.450442306
-2.446951647
-2.443460989
-2.43997033
-2.436479672
-2.432989013
-2.429498355
-2.426007696
-2.422517038
-2.419026379
-2.41553572
-2.412045062
-2.408554403
-2.405063745
-2.401573086
-2.398082428
-2.394591769
-2.391101111
-2.387610452
-2.384119793
-2.380629135
-2.377138476
-2.373647818
-2.370157159
-2.366666501
-2.363175842
-2.359685184
-2.356194525
-2.352703866
-2.349213208
-2.345722549
-2.342231891
-2.338741232
-2.335250574
-2.331759915
-2.328269257
-2.324778598
-2.321287939
-2.317797281
-2.314306622
-2.310815964
-2.307325305
-2.303834647
-2.300343988
-2.29685333
-2.293362671
-2.289872012
-2.286381354
-2.282890695
-2.279400037
-2.275909378
-2.27241872
-2.268928061
-2.265437403
-2.261946744
-2.258456085
-2.254965427
-2.251474768
-2.24798411
-2.244493451
-2.241002793
-2.237512134
-2.234021476
-2.230530817
-2.227040158
-2.2235495
-2.220058841
-2.216568183
-2.213077524
-2.209586866
-2.206096207
-2.202605549
-2.19911489
-2.195624231
-2.192133573
-2.188642914
-2.185152256
-2.181661597
-2.178170939
-2.17468028
-2.171189622
-2.167698963
-2.164208304
-2.160717646
-2.157226987
-2.153736329
-2.15024567
-2.146755012
-2.143264353
-2.139773695
-2.136283036
-2.132792377
-2.129301719
-2.12581106
-2.122320402
-2.118829743
-2.115339085
-2.111848426
-2.108357768
-2.104867109
-2.10137645
-2.097885792
-2.094395133
-2.090904475
-2.087413816
-2.083923158
-2.080432499
-2.076941841
-2.073451182
-2.069960523
-2.066469865
-2.062979206
-2.059488548
-2.055997889
-2.052507231
-2.049016572
-2.045525914
-2.042035255
-2.038544596
-2.035053938
-2.031563279
-2.028072621
-2.024581962
-2.021091304
-2.017600645
-2.014109987
-2.010619328
-2.007128669
-2.003638011
-2.000147352
-1.996656694
-1.993166035
-1.989675377
-1.986184718
-1.98269406
-1.979203401
-1.975712742
-1.972222084
-1.968731425
-1.965240767
-1.961750108
-1.95825945
-1.954768791
-1.951278133
-1.947787474
-1.944296815
-1.940806157
-1.937315498
-1.93382484
-1.930334181
-1.926843523
-1.923352864
-1.919862206
-1.916371547
-1.912880888
-1.90939023
-1.905899571
-1.902408913
-1.898918254
-1.895427596
-1.891936937
-1.888446279
-1.88495562
-1.881464961
-1.877974303
-1.874483644
-1.870992986
-1.867502327
-1.864011669
-1.86052101
-1.857030352
-1.853539693
-1.850049034
-1.846558376
-1.843067717
-1.839577059
-1.8360864
-1.832595742
-1.829105083
-1.825614425
-1.822123766
-1.818633107
-1.815142449
-1.81165179
-1.808161132
-1.804670473
-1.801179815
-1.797689156
-1.794198498
-1.790707839
-1.78721718
-1.783726522
-1.780235863
-1.776745205
-1.773254546
-1.769763888
-1.766273229
-1.762782571
-1.759291912
-1.755801253
-1.752310595
-1.748819936
-1.745329278
-1.741838619
-1.738347961
-1.734857302
-1.731366644
-1.727875985
-1.724385326
-1.720894668
-1.717404009
-1.713913351
-1.710422692
-1.706932034
-1.703441375
-1.699950717
-1.696460058
-1.692969399
-1.689478741
-1.685988082
-1.682497424
-1.679006765
-1.675516107
-1.672025448
-1.66853479
-1.665044131
-1.661553472
-1.658062814
-1.654572155
-1.651081497
-1.647590838
-1.64410018
-1.640609521
-1.637118863
-1.633628204
-1.630137545
-1.626646887
-1.623156228
-1.61966557
-1.616174911
-1.612684253
-1.609193594
-1.605702936
-1.602212277
-1.598721618
-1.59523096
-1.591740301
-1.588249643
-1.584758984
-1.581268326
-1.577777667
-1.574287009
-1.57079635
-1.567305691
-1.563815033
-1.560324374
-1.556833716
-1.553343057
-1.549852399
-1.54636174
-1.542871082
-1.539380423
-1.535889764
-1.532399106
-1.528908447
-1.525417789
-1.52192713
-1.518436472
-1.514945813
-1.511455155
-1.507964496
-1.504473837
-1.500983179
-1.49749252
-1.494001862
-1.490511203
-1.487020545
-1.483529886
-1.480039228
-1.476548569
-1.47305791
-1.469567252
-1.466076593
-1.462585935
-1.459095276
-1.455604618
-1.452113959
-1.448623301
-1.445132642
-1.441641983
-1.438151325
-1.434660666
-1.431170008
-1.427679349
-1.424188691
-1.420698032
-1.417207374
-1.413716715
-1.410226056
-1.406735398
-1.403244739
-1.399754081
-1.396263422
-1.392772764
-1.389282105
-1.385791447
-1.382300788
-1.378810129
-1.375319471
-1.371828812
-1.368338154
-1.364847495
-1.361356837
-1.357866178
-1.35437552
-1.350884861
-1.347394202
-1.343903544
-1.340412885
-1.336922227
-1.333431568
-1.32994091
-1.326450251
-1.322959593
-1.319468934
-1.315978275
-1.312487617
-1.308996958
-1.3055063
-1.302015641
-1.298524983
-1.295034324
-1.291543666
-1.288053007
-1.284562348
-1.28107169
-1.277581031
-1.274090373
-1.270599714
-1.267109056
-1.263618397
-1.260127739
-1.25663708
-1.253146421
-1.249655763
-1.246165104
-1.242674446
-1.239183787
-1.235693129
-1.23220247
-1.228711812
-1.225221153
-1.221730494
-1.218239836
-1.214749177
-1.211258519
-1.20776786
-1.204277202
-1.200786543
-1.197295885
-1.193805226
-1.190314567
-1.186823909
-1.18333325
-1.179842592
-1.176351933
-1.172861275
-1.169370616
-1.165879958
-1.162389299
-1.15889864
-1.155407982
-1.151917323
-1.148426665
-1.144936006
-1.141445348
-1.137954689
-1.134464031
-1.130973372
-1.127482713
-1.123992055
-1.120501396
-1.117010738
-1.113520079
-1.110029421
-1.106538762
-1.103048104
-1.099557445
-1.096066786
-1.092576128
-1.089085469
-1.085594811
-1.082104152
-1.078613494
-1.075122835
-1.071632177
-1.068141518
-1.064650859
-1.061160201
-1.057669542
-1.054178884
-1.050688225
-1.047197567
-1.043706908
-1.04021625
-1.036725591
-1.033234932
-1.029744274
-1.026253615
-1.022762957
-1.019272298
-1.01578164
-1.012290981
-1.008800323
-1.005309664
-1.001819005
-0.9983283469
-0.9948376883
-0.9913470298
-0.9878563712
-0.9843657127
-0.9808750541
-0.9773843956
-0.973893737
-0.9704030784
-0.9669124199
-0.9634217613
-0.9599311028
-0.9564404442
-0.9529497857
-0.9494591271
-0.9459684686
-0.94247781
-0.9389871514
-0.9354964929
-0.9320058343
-0.9285151758
-0.9250245172
-0.9215338587
-0.9180432001
-0.9145525416
-0.911061883
-0.9075712244
-0.9040805659
-0.9005899073
-0.8970992488
-0.8936085902
-0.8901179317
-0.8866272731
-0.8831366146
-0.879645956
-0.8761552974
-0.8726646389
-0.8691739803
-0.8656833218
-0.8621926632
-0.8587020047
-0.8552113461
-0.8517206876
-0.848230029
-0.8447393704
-0.8412487119
-0.8377580533
-0.8342673948
-0.8307767362
-0.8272860777
-0.8237954191
-0.8203047606
-0.816814102
-0.8133234434
-0.8098327849
-0.8063421263
-0.8028514678
-0.7993608092
-0.7958701507
-0.7923794921
-0.7888888336
-0.785398175
-0.7819075164
-0.7784168579
-0.7749261993
-0.7714355408
-0.7679448822
-0.7644542237
-0.7609635651
-0.7574729066
-0.753982248
-0.7504915894
-0.7470009309
-0.7435102723
-0.7400196138
-0.7365289552
-0.7330382967
-0.7295476381
-0.7260569796
-0.722566321
-0.7190756624
-0.7155850039
-0.7120943453
-0.7086036868
-0.7051130282
-0.7016223697
-0.6981317111
-0.6946410526
-0.691150394
-0.6876597354
-0.6841690769
-0.6806784183
-0.6771877598
-0.6736971012
-0.6702064427
-0.6667157841
-0.6632251256
-0.659734467
-0.6562438084
-0.6527531499
-0.6492624913
-0.6457718328
-0.6422811742
-0.6387905157
-0.6352998571
-0.6318091986
-0.62831854
-0.6248278814
-0.6213372229
-0.6178465643
-0.6143559058
-0.6108652472
-0.6073745887
-0.6038839301
-0.6003932716
-0.596902613
-0.5934119544
-0.5899212959
-0.5864306373
-0.5829399788
-0.5794493202
-0.5759586617
-0.5724680031
-0.5689773446
-0.565486686
-0.5619960274
-0.5585053689
-0.5550147103
-0.5515240518
-0.5480333932
-0.5445427347
-0.5410520761
-0.5375614176
-0.534070759
-0.5305801004
-0.5270894419
-0.5235987833
-0.5201081248
-0.5166174662
-0.5131268077
-0.5096361491
-0.5061454906
-0.502654832
-0.4991641734
-0.4956735149
-0.4921828563
-0.4886921978
-0.4852015392
-0.4817108807
-0.4782202221
-0.4747295636
-0.471238905
-0.4677482464
-0.4642575879
-0.4607669293
-0.4572762708
-0.4537856122
-0.4502949537
-0.4468042951
-0.4433136366
-0.439822978
-0.4363323194
-0.4328416609
-0.4293510023
-0.4258603438
-0.4223696852
-0.4188790267
-0.4153883681
-0.4118977096
-0.408407051
-0.4049163924
-0.4014257339
-0.3979350753
-0.3944444168
-0.3909537582
-0.3874630997
-0.3839724411
-0.3804817826
-0.376991124
-0.3735004654
-0.3700098069
-0.3665191483
-0.3630284898
-0.3595378312
-0.3560471727
-0.3525565141
-0.3490658556
-0.345575197
-0.3420845384
-0.3385938799
-0.3351032213
-0.3316125628
-0.3281219042
-0.3246312457
-0.3211405871
-0.3176499286
-0.31415927
-0.3106686114
-0.3071779529
-0.3036872943
-0.3001966358
-0.2967059772
-0.2932153187
-0.2897246601
-0.2862340016
-0.282743343
-0.2792526844
-0.2757620259
-0.2722713673
-0.2687807088
-0.2652900502
-0.2617993917
-0.2583087331
-0.2548180746
-0.251327416
-0.2478367574
-0.2443460989
-0.2408554403
-0.2373647818
-0.2338741232
-0.2303834647
-0.2268928061
-0.2234021476
-0.219911489
-0.2164208304
-0.2129301719
-0.2094395133
-0.2059488548
-0.2024581962
-0.1989675377
-0.1954768791
-0.1919862206
-0.188495562
-0.1850049034
-0.1815142449
-0.1780235863
-0.1745329278
-0.1710422692
-0.1675516107
-0.1640609521
-0.1605702936
-0.157079635
-0.1535889764
-0.1500983179
-0.1466076593
-0.1431170008
-0.1396263422
-0.1361356837
-0.1326450251
-0.1291543666
-0.125663708
-0.1221730494
-0.1186823909
-0.1151917323
-0.1117010738
-0.1082104152
-0.1047197567
-0.1012290981
-0.09773843956
-0.094247781
-0.09075712244
-0.08726646389
-0.08377580533
-0.08028514678
-0.07679448822
-0.07330382967
-0.06981317111
-0.06632251256
-0.062831854
-0.05934119544
-0.05585053689
-0.05235987833
-0.04886921978
-0.04537856122
-0.04188790267
-0.03839724411
-0.03490658556
-0.031415927
-0.02792526844
-0.02443460989
-0.02094395133
-0.01745329278
-0.01396263422
-0.01047197567
-0.006981317111
-0.003490658556
0
0.003490658556
0.006981317111
0.01047197567
0.01396263422
0.01745329278
0.02094395133
0.02443460989
0.02792526844
0.031415927
0.03490658556
0.03839724411
0.04188790267
0.04537856122
0.04886921978
0.05235987833
0.05585053689
0.05934119544
0.062831854
0.06632251256
0.06981317111
0.07330382967
0.07679448822
0.08028514678
0.08377580533
0.08726646389
0.09075712244
0.094247781
0.09773843956
0.1012290981
0.1047197567
0.1082104152
0.1117010738
0.1151917323
0.1186823909
0.1221730494
0.125663708
0.1291543666
0.1326450251
0.1361356837
0.1396263422
0.1431170008
0.1466076593
0.1500983179
0.1535889764
0.157079635
0.1605702936
0.1640609521
0.1675516107
0.1710422692
0.1745329278
0.1780235863
0.1815142449
0.1850049034
0.188495562
0.1919862206
0.1954768791
0.1989675377
0.2024581962
0.2059488548
0.2094395133
0.2129301719
0.2164208304
0.219911489
0.2234021476
0.2268928061
0.2303834647
0.2338741232
0.2373647818
0.2408554403
0.2443460989
0.2478367574
0.251327416
0.2548180746
0.2583087331
0.2617993917
0.2652900502
0.2687807088
0.2722713673
0.2757620259
0.2792526844
0.282743343
0.2862340016
0.2897246601
0.2932153187
0.2967059772
0.3001966358
0.3036872943
0.3071779529
0.3106686114
0.31415927
0.3176499286
0.3211405871
0.3246312457
0.3281219042
0.3316125628
0.3351032213
0.3385938799
0.3420845384
0.345575197
0.3490658556
0.3525565141
0.3560471727
0.3595378312
0.3630284898
0.3665191483
0.3700098069
0.3735004654
0.376991124
0.3804817826
0.3839724411
0.3874630997
0.3909537582
0.3944444168
0.3979350753
0.4014257339
0.4049163924
0.408407051
0.4118977096
0.4153883681
0.4188790267
0.4223696852
0.4258603438
0.4293510023
0.4328416609
0.4363323194
0.439822978
0.4433136366
0.4468042951
0.4502949537
0.4537856122
0.4572762708
0.4607669293
0.4642575879
0.4677482464
0.471238905
0.4747295636
0.4782202221
0.4817108807
0.4852015392
0.4886921978
0.4921828563
0.4956735149
0.4991641734
0.502654832
0.5061454906
0.5096361491
0.5131268077
0.5166174662
0.5201081248
0.5235987833
0.5270894419
0.5305801004
0.534070759
0.5375614176
0.5410520761
0.5445427347
0.5480333932
0.5515240518
0.5550147103
0.5585053689
0.5619960274
0.565486686
0.5689773446
0.5724680031
0.5759586617
0.5794493202
0.5829399788
0.5864306373
0.5899212959
0.5934119544
0.596902613
0.6003932716
0.6038839301
0.6073745887
0.6108652472
0.6143559058
0.6178465643
0.6213372229
0.6248278814
0.62831854
0.6318091986
0.6352998571
0.6387905157
0.6422811742
0.6457718328
0.6492624913
0.6527531499
0.6562438084
0.659734467
0.6632251256
0.6667157841
0.6702064427
0.6736971012
0.6771877598
0.6806784183
0.6841690769
0.6876597354
0.691150394
0.6946410526
0.6981317111
0.7016223697
0.7051130282
0.7086036868
0.7120943453
0.7155850039
0.7190756624
0.722566321
0.7260569796
0.7295476381
0.7330382967
0.7365289552
0.7400196138
0.7435102723
0.7470009309
0.7504915894
0.753982248
0.7574729066
0.7609635651
0.7644542237
0.7679448822
0.7714355408
0.7749261993
0.7784168579
0.7819075164
0.785398175
0.7888888336
0.7923794921
0.7958701507
0.7993608092
0.8028514678
0.8063421263
0.8098327849
0.8133234434
0.816814102
0.8203047606
0.8237954191
0.8272860777
0.8307767362
0.8342673948
0.8377580533
0.8412487119
0.8447393704
0.848230029
0.8517206876
0.8552113461
0.8587020047
0.8621926632
0.8656833218
0.8691739803
0.8726646389
0.8761552974
0.879645956
0.8831366146
0.8866272731
0.8901179317
0.8936085902
0.8970992488
0.9005899073
0.9040805659
0.9075712244
0.911061883
0.9145525416
0.9180432001
0.9215338587
0.9250245172
0.9285151758
0.9320058343
0.9354964929
0.9389871514
0.94247781
0.9459684686
0.9494591271
0.9529497857
0.9564404442
0.9599311028
0.9634217613
0.9669124199
0.9704030784
0.973893737
0.9773843956
0.9808750541
0.9843657127
0.9878563712
0.9913470298
0.9948376883
0.9983283469
1.001819005
1.005309664
1.008800323
1.012290981
1.01578164
1.019272298
1.022762957
1.026253615
1.029744274
1.033234932
1.036725591
1.04021625
1.043706908
1.047197567
1.050688225
1.054178884
1.057669542
1.061160201
1.064650859
1.068141518
1.071632177
1.075122835
1.078613494
1.082104152
1.085594811
1.089085469
1.092576128
1.096066786
1.099557445
1.103048104
1.106538762
1.110029421
1.113520079
1.117010738
1.120501396
1.123992055
1.127482713
1.130973372
1.134464031
1.137954689
1.141445348
1.144936006
1.148426665
1.151917323
1.155407982
1.15889864
1.162389299
1.165879958
1.169370616
1.172861275
1.176351933
1.179842592
1.18333325
1.186823909
1.190314567
1.193805226
1.197295885
1.200786543
1.204277202
1.20776786
1.211258519
1.214749177
1.218239836
1.221730494
1.225221153
1.228711812
1.23220247
1.235693129
1.239183787
1.242674446
1.246165104
1.249655763
1.253146421
1.25663708
1.260127739
1.263618397
1.267109056
1.270599714
1.274090373
1.277581031
1.28107169
1.284562348
1.288053007
1.291543666
1.295034324
1.298524983
1.302015641
1.3055063
1.308996958
1.312487617
1.315978275
1.319468934
1.322959593
1.326450251
1.32994091
1.333431568
1.336922227
1.340412885
1.343903544
1.347394202
1.350884861
1.35437552
1.357866178
1.361356837
1.364847495
1.368338154
1.371828812
1.375319471
1.378810129
1.382300788
1.385791447
1.389282105
1.392772764
1.396263422
1.399754081
1.403244739
1.406735398
1.410226056
1.413716715
1.417207374
1.420698032
1.424188691
1.427679349
1.431170008
1.434660666
1.438151325
1.441641983
1.445132642
1.448623301
1.452113959
1.455604618
1.459095276
1.462585935
1.466076593
1.469567252
1.47305791
1.476548569
1.480039228
1.483529886
1.487020545
1.490511203
1.494001862
1.49749252
1.500983179
1.504473837
1.507964496
1.511455155
1.514945813
1.518436472
1.52192713
1.525417789
1.528908447
1.532399106
1.535889764
1.539380423
1.542871082
1.54636174
1.549852399
1.553343057
1.556833716
1.560324374
1.563815033
1.567305691
1.57079635
1.574287009
1.577777667
1.581268326
1.584758984
1.588249643
1.591740301
1.59523096
1.598721618
1.602212277
1.605702936
1.609193594
1.612684253
1.616174911
1.61966557
1.623156228
1.626646887
1.630137545
1.633628204
1.637118863
1.640609521
1.64410018
1.647590838
1.651081497
1.654572155
1.658062814
1.661553472
1.665044131
1.66853479
1.672025448
1.675516107
1.679006765
1.682497424
1.685988082
1.689478741
1.692969399
1.696460058
1.699950717
1.703441375
1.706932034
1.710422692
1.713913351
1.717404009
1.720894668
1.724385326
1.727875985
1.731366644
1.734857302
1.738347961
1.741838619
1.745329278
1.748819936
1.752310595
1.755801253
1.759291912
1.762782571
1.766273229
1.769763888
1.773254546
1.776745205
1.780235863
1.783726522
1.78721718
1.790707839
1.794198498
1.797689156
1.801179815
1.804670473
1.808161132
1.81165179
1.815142449
1.818633107
1.822123766
1.825614425
1.829105083
1.832595742
1.8360864
1.839577059
1.843067717
1.846558376
1.850049034
1.853539693
1.857030352
1.86052101
1.864011669
1.867502327
1.870992986
1.874483644
1.877974303
1.881464961
1.88495562
1.888446279
1.891936937
1.895427596
1.898918254
1.902408913
1.905899571
1.90939023
1.912880888
1.916371547
1.919862206
1.923352864
1.926843523
1.930334181
1.93382484
1.937315498
1.940806157
1.944296815
1.947787474
1.951278133
1.954768791
1.95825945
1.961750108
1.965240767
1.968731425
1.972222084
1.975712742
1.979203401
1.98269406
1.986184718
1.989675377
1.993166035
1.996656694
2.000147352
2.003638011
2.007128669
2.010619328
2.014109987
2.017600645
2.021091304
2.024581962
2.028072621
2.031563279
2.035053938
2.038544596
2.042035255
2.045525914
2.049016572
2.052507231
2.055997889
2.059488548
2.062979206
2.066469865
2.069960523
2.073451182
2.076941841
2.080432499
2.083923158
2.087413816
2.090904475
2.094395133
2.097885792
2.10137645
2.104867109
2.108357768
2.111848426
2.115339085
2.118829743
2.122320402
2.12581106
2.129301719
2.132792377
2.136283036
2.139773695
2.143264353
2.146755012
2.15024567
2.153736329
2.157226987
2.160717646
2.164208304
2.167698963
2.171189622
2.17468028
2.178170939
2.181661597
2.185152256
2.188642914
2.192133573
2.195624231
2.19911489
2.202605549
2.206096207
2.209586866
2.213077524
2.216568183
2.220058841
2.2235495
2.227040158
2.230530817
2.234021476
2.237512134
2.241002793
2.244493451
2.24798411
2.251474768
2.254965427
2.258456085
2.261946744
2.265437403
2.268928061
2.27241872
2.275909378
2.279400037
2.282890695
2.286381354
2.289872012
2.293362671
2.29685333
2.300343988
2.303834647
2.307325305
2.310815964
2.314306622
2.317797281
2.321287939
2.324778598
2.328269257
2.331759915
2.335250574
2.338741232
2.342231891
2.345722549
2.349213208
2.352703866
2.356194525
2.359685184
2.363175842
2.366666501
2.370157159
2.373647818
2.377138476
2.380629135
2.384119793
2.387610452
2.391101111
2.394591769
2.398082428
2.401573086
2.405063745
2.408554403
2.412045062
2.41553572
2.419026379
2.422517038
2.426007696
2.429498355
2.432989013
2.436479672
2.43997033
2.443460989
2.446951647
2.450442306
2.453932965
2.457423623
2.460914282
2.46440494
2.467895599
2.471386257
2.474876916
2.478367574
2.481858233
2.485348892
2.48883955
2.492330209
2.495820867
2.499311526
2.502802184
2.506292843
2.509783501
2.51327416
2.516764819
2.520255477
2.523746136
2.527236794
2.530727453
2.534218111
2.53770877
2.541199428
2.544690087
2.548180746
2.551671404
2.555162063
2.558652721
2.56214338
2.565634038
2.569124697
2.572615355
2.576106014
2.579596673
2.583087331
2.58657799
2.590068648
2.593559307
2.597049965
2.600540624
2.604031282
2.607521941
2.6110126
2.614503258
2.617993917
2.621484575
2.624975234
2.628465892
2.631956551
2.635447209
2.638937868
2.642428527
2.645919185
2.649409844
2.652900502
2.656391161
2.659881819
2.663372478
2.666863136
2.670353795
2.673844454
2.677335112
2.680825771
2.684316429
2.687807088
2.691297746
2.694788405
2.698279063
2.701769722
2.705260381
2.708751039
2.712241698
2.715732356
2.719223015
2.722713673
2.726204332
2.72969499
2.733185649
2.736676308
2.740166966
2.743657625
2.747148283
2.750638942
2.7541296
2.757620259
2.761110917
2.764601576
2.768092235
2.771582893
2.775073552
2.77856421
2.782054869
2.785545527
2.789036186
2.792526844
2.796017503
2.799508162
2.80299882
2.806489479
2.809980137
2.813470796
2.816961454
2.820452113
2.823942771
2.82743343
2.830924089
2.834414747
2.837905406
2.841396064
2.844886723
2.848377381
2.85186804
2.855358698
2.858849357
2.862340016
2.865830674
2.869321333
2.872811991
2.87630265
2.879793308
2.883283967
2.886774625
2.890265284
2.893755943
2.897246601
2.90073726
2.904227918
2.907718577
2.911209235
2.914699894
2.918190552
2.921681211
2.92517187
2.928662528
2.932153187
2.935643845
2.939134504
2.942625162
2.946115821
2.949606479
2.953097138
2.956587797
2.960078455
2.963569114
2.967059772
2.970550431
2.974041089
2.977531748
2.981022406
2.984513065
2.988003724
2.991494382
2.994985041
2.998475699
3.001966358
3.005457016
3.008947675
3.012438333
3.015928992
3.019419651
3.022910309
3.026400968
3.029891626
3.033382285
3.036872943
3.040363602
3.04385426
3.047344919
3.050835578
3.054326236
3.057816895
3.061307553
3.064798212
3.06828887
3.071779529
3.075270187
3.078760846
3.082251505
3.085742163
3.089232822
3.09272348
3.096214139
3.099704797
3.103195456
3.106686114
3.110176773
3.113667432
3.11715809
3.120648749
3.124139407
3.127630066
3.131120724
3.134611383
3.138102041
