#State no. E (hartree)  E( cm^-1)  remove this line before running code
0 0.00054160835569411 118.869293470873
1 0.000961847783809254 211.101186467856
2 0.00116631750689354 255.977103287981
3 0.00136377985664549 299.315079438723
4 0.00157455695019254 345.575304057436
5 0.00174775858559269 383.58866890228
6 0.00176357939792294 387.06093583476
7 0.00196331124349326 430.897008740523
8 0.00211411229870957 463.994014537733
9 0.00215919483370352 473.888487224993
10 0.00233237715783693 511.897613736711
11 0.00233582476926749 512.654276979819
12 0.0024630606346476 540.579321456848
13 0.00253405918409114 556.161701826505
14 0.00268445212304428 589.169136457858
15 0.00271677086430731 596.262280238628
16 0.00279497932245206 613.427052652817
17 0.00287635598851622 631.287166327882
18 0.00288943834324651 634.158411291841
19 0.00301784031004821 662.339385446916
20 0.00307652478206492 675.219138229529
21 0.00311012666034631 682.593898032642
22 0.00312204542135804 685.20976369575
23 0.00322381447703309 707.545489535481
24 0.00324387654678739 711.94860487184
25 0.0033335771310341 731.635607410171
26 0.0033891019349093 743.821893196503
27 0.00339890897063272 745.974288733297
28 0.00340883198317936 748.152138240457
29 0.00341584431974844 749.69116821439
30 0.00344722987863782 756.57950213898
31 0.00354097414292821 777.153989858736
32 0.00358690982494406 787.235706672962
33 0.0036321425691501 797.163146471467
34 0.0036579063228667 802.817636785829
35 0.00369164298150133 810.221977457101
36 0.0037129002190239 814.88740179719
37 0.00373043828294619 818.73656188745
38 0.0037429105206348 821.47390163943
39 0.00374936576975678 822.890665052035
40 0.00383980274777432 842.739287340751
41 0.0038686639587945 849.073590950759
42 0.00389744108820583 855.389440780773
43 0.00390904788161856 857.936837470516
44 0.00391411281365228 859.048461554593
45 0.00395913342718429 868.929344051905
46 0.0039598950033106 869.096490690442
47 0.0040049958793513 878.994988772152
48 0.0040307895283273 884.656040337509
49 0.00403199314093811 884.92020276993
50 0.00406658034487565 892.511216556856
51 0.00411983483834583 904.19922680706
52 0.00412110935670956 904.478951253369
53 0.00418009382717987 917.424546085585
54 0.00418722625013204 918.989931974017
55 0.0041963648665128 920.995626422896
56 0.00421188573234202 924.402062708044
57 0.00421395221594096 924.855603431321
58 0.00424072261281134 930.731026379403
59 0.00427707085603108 938.708543611204
60 0.00429328775502878 942.267741518472
61 0.00431152581301533 946.270532546989
62 0.00431367817749585 946.742921944976
63 0.00432622223203703 949.496023674102
64 0.00437009896264447 959.12585288978
65 0.00438548668571943 962.503067718198
66 0.00439676813159201 964.979058876947
67 0.00443059990496526 972.404274820286
68 0.00445051716888102 976.775608948808
69 0.00445657241016381 978.104580788911
70 0.00448600217113475 984.563666688996
71 0.00450111370838988 987.880265736796
72 0.00451175366669847 990.215466649791
73 0.00451932855052058 991.877961473941
74 0.0045303457986184 994.295967923828
75 0.00453794758151844 995.964366413155
76 0.0045762383169537 1004.36821140524
77 0.00459025131382092 1007.44370870786
78 0.00462164402211445 1014.33361174528
79 0.0046333826839414 1016.90995020645
80 0.00465394130351578 1021.42204563084
81 0.00465456593253135 1021.55913585292
82 0.00466608027220225 1024.08624129189
83 0.00467527699371468 1026.10468834304
84 0.00470053014456526 1031.64711428231
85 0.00470672827612411 1033.00744691288
86 0.00471556722765938 1034.94737253067
87 0.00474144617996764 1040.62714601331
88 0.00474927873714387 1042.34619360152
89 0.00476564036686747 1045.9371562313
90 0.004766719466117 1046.17399113983
91 0.00477154230549497 1047.23248202786
92 0.00479346463028557 1052.04387615001
93 0.00482165743463256 1058.23148145273
94 0.00483644448038904 1061.47686284893
95 0.00486481518980181 1067.70351380013
96 0.00487461003119602 1069.85323299103
97 0.00488672712857838 1072.5126284557
98 0.0048867318982738 1072.51367528284
99 0.00489331080938516 1073.95757936481
100 0.00489874088651638 1075.14934353406
101 0.00492216379344455 1080.29007736564
102 0.00493494738516692 1083.09575142898
103 0.00494290888931234 1084.84309960554
104 0.00496144819008107 1088.91200578221
105 0.00498317918117323 1093.6814070117
106 0.00498434390539711 1093.93703442979
107 0.00499222172705313 1095.66601642295
108 0.0050045238435231 1098.36601888341
109 0.0050059925068238 1098.68835321793
110 0.00504504291277799 1107.25892661607
111 0.0050496167668575 1108.26277154785
112 0.00505402056352749 1109.22929319259
113 0.00506411926002161 1111.44570086912
114 0.0050756259058448 1113.9711177037
115 0.00507689499676198 1114.24965096319
116 0.00508811327422114 1116.71177825777
117 0.0050931899744723 1117.82598516702
118 0.00510353056141202 1120.0954816596
119 0.00511328395204177 1122.23610345931
120 0.0051445355529601 1129.09503700776
121 0.00514691515976584 1129.617300331
122 0.00516295470060881 1133.13757262288
123 0.0051652848262466 1133.64897608509
124 0.00517568110949016 1135.93069650334
125 0.00518714549938491 1138.44683923367
126 0.00518791586703047 1138.61591538764
127 0.00521270595401631 1144.05671055653
128 0.00521703985395215 1145.0078916414
129 0.00522216971108987 1146.13376513866
130 0.00525995724150112 1154.42716939428
131 0.00525997706540738 1154.43152023877
132 0.00526282846036477 1155.05732909203
133 0.00526397221182042 1155.30835351957
134 0.00527290416661849 1157.26869099405
135 0.00528533088270522 1159.9960399093
136 0.00528602963670335 1160.1493986845
137 0.00529399619917446 1161.89785703522
138 0.00531140150874668 1165.71788091362
139 0.00531787583065125 1167.13883031813
140 0.00533781788246854 1171.51560476217
141 0.00534088384381928 1172.18850549521
142 0.00534851976984045 1173.86439753342
143 0.00536657495581202 1177.82705279411
144 0.00536924167622781 1178.41233027068
145 0.00537718658439162 1180.15603605031
146 0.00537732572575466 1180.18657404949
147 0.00537741565402218 1180.20631102273
148 0.005380321922523 1180.84416322662
149 0.00540817028288125 1186.95617181236
150 0.00541641484362087 1188.7656437302
151 0.00541963860970418 1189.47317859854
152 0.00542324315523492 1190.26428489522
153 0.00543494998667535 1192.83363739408
154 0.00545088887624782 1196.33181928561
155 0.00545990710812783 1198.31109239072
156 0.00546395899699224 1199.20037920004
157 0.00546787396119469 1200.05961451984
158 0.00547094332365058 1200.73326170918
159 0.00548517001186526 1203.85565884122
160 0.00549546949215866 1206.11613346781
161 0.0055077150889323 1208.80373128883
162 0.00551343820113374 1210.05980922169
163 0.00551805364731803 1211.07278256528
164 0.00551939918872048 1211.36809476673
165 0.00553806333636406 1215.46440166507
166 0.00554515987234618 1217.02191127403
167 0.00555137111269227 1218.38512095082
168 0.00555258677560696 1218.65192811923
169 0.00555512311539346 1219.20859035543
170 0.0055665032962371 1221.70625133542
171 0.0055702673393412 1222.532363303
172 0.00558842896740627 1226.51837990277
173 0.00559273650929542 1227.4637760651
174 0.00559683471184508 1228.36322755336
175 0.0056115964273427 1231.60304960036
176 0.0056135697659155 1232.03614735349
177 0.00561918922991998 1233.26947713667
178 0.00561986566155663 1233.41793671985
179 0.0056206795961563 1233.59657471495
180 0.00563395302671428 1236.5097559755
181 0.00564103986918405 1238.06513810442
182 0.00564231491803851 1238.34497897998
183 0.00564291484254243 1238.47664718851
184 0.00566079225876052 1242.40028649833
185 0.00567250737591438 1244.97145750108
186 0.0056764361744162 1245.83372909861
187 0.00567937840801867 1246.47947472989
188 0.00568545304470579 1247.81270336918
189 0.00569352949700093 1249.58527974836
190 0.00570190433447613 1251.42334410454
191 0.00570858698550163 1252.89001646579
192 0.00571292977366904 1253.843148292
193 0.0057133751449397 1253.94089598684
194 0.00571756753127511 1254.86101842662
195 0.00572476043508954 1256.43967832992
196 0.00573886674581378 1259.53565565678
197 0.00574979518278954 1261.93417031852
198 0.00575611462508022 1263.32112757707
199 0.00576223862533292 1264.66519026665
200 0.00576248350572878 1264.71893530093
201 0.00577221494175642 1266.85473862246
202 0.00578098182807586 1268.77884775367
203 0.00578748282664371 1270.20565200898
204 0.00579117749939255 1271.0165389435
205 0.00579205587343973 1271.20931976251
206 0.00580236295257512 1273.47146214213
207 0.00580506597058483 1274.0647060197
208 0.0058080939735231 1274.72927584421
209 0.0058121784439474 1275.62571347933
210 0.00581528319541974 1276.30712765996
211 0.00582152587026867 1277.67723641264
212 0.00582285759645585 1277.96951652484
213 0.00582593325678447 1278.64454593747
214 0.00583179504978218 1279.93106078678
215 0.00585119780099775 1284.18947243079
216 0.00585957916601106 1286.02896941599
217 0.00585986409385649 1286.09150384944
218 0.00586184313537025 1286.52585325343
219 0.0058703599712173 1288.39508264973
220 0.00587214167677715 1288.78612181825
221 0.00587339978451909 1289.06224454941
222 0.00587987853271772 1290.48416541316
223 0.00589871684157884 1294.61869628028
224 0.00590058316283547 1295.02830644754
225 0.00590489261039145 1295.9741208554
226 0.0059094792756127 1296.98077750777
227 0.00591361879766183 1297.88929757788
228 0.00592624369313625 1300.66014184091
229 0.00593030177422918 1301.55078768729
230 0.00593909705713465 1303.48112914872
231 0.00594088265512255 1303.87302260644
232 0.00594102115886299 1303.90342066363
233 0.00594729078600376 1305.27944476059
234 0.0059508014997758 1306.04995736674
235 0.00595387986338729 1306.72558008138
236 0.00595467788738461 1306.90072610292
237 0.00595933842365947 1307.92359557744
238 0.00596686037312289 1309.57447265281
239 0.00597391266742041 1311.12227233441
240 0.00597826952417533 1312.07849185866
241 0.00598822712046919 1314.26393162094
242 0.00599237700561132 1315.17472612705
243 0.00599251280338362 1315.20453029288
244 0.00599579351592562 1315.92456346418
245 0.00599602800713915 1315.9760283365
246 0.00599625154633281 1316.02508951832
247 0.00601306973908836 1319.71625615062
248 0.00602370966267289 1322.05144944256
249 0.00603293982694157 1324.07723633026
250 0.00603550675776226 1324.64061252237
251 0.00603557221676081 1324.65497911186
252 0.00603964625800788 1325.54912780716
253 0.00604542347893617 1326.81708123283
254 0.0060498339558932 1327.7850690311
255 0.00605694133846566 1329.34495919146
256 0.00605741392296399 1329.44867949937
257 0.00606158923281952 1330.36505408505
258 0.00606907904445827 1332.00887772323
259 0.00607598323696766 1333.52417281968
260 0.00607657364657013 1333.65375274873
261 0.00608616667505162 1335.75917912528
262 0.00608663662265602 1335.86232070188
263 0.00608754964975237 1336.06270698603
264 0.0060906308057053 1336.73894254877
265 0.00609719109919627 1338.17876053539
266 0.00610746853355637 1340.43439663893
267 0.00611068289652731 1341.13986776266
268 0.00611177475317657 1341.37950259677
269 0.00611636101732638 1342.38607122413
270 0.00612453486788723 1344.18002405165
271 0.00612475112220575 1344.22748638819
272 0.00612566403281927 1344.42784710732
273 0.00612594080193982 1344.48859090765
274 0.00614301939379274 1348.23690853549
275 0.0061481933668088 1349.37246434882
276 0.00615246960732775 1350.3109906545
277 0.00615655529243777 1351.20769488232
278 0.00615905140000705 1351.75552716753
279 0.0061618341680094 1352.36627414522
280 0.00617329759821394 1354.88220624789
281 0.00617484858098163 1355.22260761697
282 0.00617690979410762 1355.67499160515
283 0.00617771405847791 1355.85150723024
284 0.00618176444149548 1356.74046354438
285 0.00618270531918563 1356.9469623273
286 0.00618850000080663 1358.21874793204
287 0.00619198914256465 1358.98452602839
288 0.00619609018135874 1359.88460000034
289 0.00620608743611472 1362.07874378893
290 0.00620662634490754 1362.19702059684
291 0.00620920302671775 1362.76253688376
292 0.00621424048876163 1363.86813200198
293 0.00621704185214251 1364.48296019349
294 0.00622005291643468 1365.14381241492
295 0.00622220589060793 1365.616335625
296 0.00623392179301942 1368.18767897187
297 0.00624107318677385 1369.75722847011
298 0.00624713009174257 1371.08656544707
299 0.00624892676762256 1371.48089022106
300 0.00625061471486193 1371.85135181688
301 0.00625305132413726 1372.38612573604
302 0.00625545883365537 1372.91451299674
303 0.00626022655412947 1373.96090668374
304 0.00626414437267853 1374.8207684602
305 0.00626983144621454 1376.0689368203
306 0.00627192801968765 1376.52908150758
307 0.00627965436826998 1378.22481900394
308 0.00628089203051563 1378.49645446737
309 0.00628470102669011 1379.33243249343
310 0.00628563833091945 1379.53814699236
311 0.00629575027385496 1381.75746192672
312 0.00630003352304325 1382.69752645751
313 0.00630582178615166 1383.96790336158
314 0.00630698710556656 1384.22366140899
315 0.00631020671809892 1384.93028467827
316 0.00631224384797961 1385.3773830051
317 0.00631489593619654 1385.95944908524
318 0.00631492983406603 1385.9668888076
319 0.00631609632605288 1386.22290420482
320 0.00632466752565405 1388.10406506594
321 0.00632813301944672 1388.86465303385
322 0.00633576874032232 1390.54050004781
323 0.0063365933959989 1390.7214910473
324 0.00634029366703626 1391.53360666413
325 0.00634071549588454 1391.62618739453
326 0.00634597487910644 1392.78048858118
327 0.00634599754760662 1392.78546374187
328 0.00634767443433687 1393.15349783654
329 0.00635111589372044 1393.90881086141
330 0.00636384444770396 1396.70240553738
331 0.00636477796433053 1396.9072887536
332 0.00637013169675204 1398.08229719593
333 0.00637367436345011 1398.8598226587
334 0.00637690666948687 1399.56923183016
335 0.00638001960323541 1400.25244181284
336 0.00638449158414611 1401.23392816858
337 0.00639007263744258 1402.45882777584
338 0.00639313084616448 1403.13002700354
339 0.00639322594919276 1403.15089970548
340 0.00639595651102798 1403.75018875396
341 0.00639752130307461 1404.09362090942
342 0.00640444029990479 1405.61216517869
343 0.00640555735003755 1405.85732934327
344 0.00641019388252417 1406.87493059526
345 0.00642165526363816 1409.39041297454
346 0.00642197845340949 1409.46134493002
347 0.00642389680907628 1409.8823753302
348 0.00642891868866261 1410.98455049431
349 0.00643161248567025 1411.57577059586
350 0.00643646944849306 1412.64175071432
351 0.00644026264083573 1413.47426020025
352 0.00644195429264773 1413.84553485577
353 0.00644970693495944 1415.54704315866
354 0.00645041400933274 1415.70222804512
355 0.00645443563205852 1416.58487220486
356 0.00645582510906991 1416.88982715783
357 0.00645856290548649 1417.49070401337
358 0.00646188922548892 1418.22074686517
359 0.00646284290013585 1418.43005425544
360 0.00646886476254682 1419.75170028
361 0.00646994293727851 1419.98833228032
362 0.00647227792550255 1420.50080295684
363 0.0064817232357808 1422.57380893539
364 0.00648235734804535 1422.71298049004
365 0.00648600815168972 1423.51423926909
366 0.00648654589807738 1423.63226095855
367 0.00648761904261106 1423.86778895802
368 0.0064914468542172 1424.70789649398
369 0.00649524059089244 1425.5405254471
370 0.00649545752953438 1425.58813797527
371 0.00650861332656983 1428.47550166198
372 0.00651146107251308 1429.10050964921
373 0.00651536262748694 1429.95680198352
374 0.00651836098694516 1430.61486581622
375 0.00651967064214137 1430.90230190584
376 0.00652364726020601 1431.77506868423
377 0.00652422383426885 1431.90161206334
378 0.00652923254387046 1433.00089674993
379 0.00653211476725391 1433.63347166059
380 0.00653881678669147 1435.1043948969
381 0.00654273245327892 1435.96378437238
382 0.0065442743179015 1436.30218453993
383 0.00654898589822138 1437.33625688735
384 0.006555243429594 1438.70962627007
385 0.00655915371640771 1439.56783502171
386 0.00655932926147378 1439.60636271013
387 0.00656174313812722 1440.13614739551
388 0.00656335776797611 1440.49051768418
389 0.00656513901115581 1440.88145537199
390 0.00656717145509159 1441.32752525279
391 0.00656974448293593 1441.8922395869
392 0.00657141792809027 1442.25951834298
393 0.00657168070997402 1442.31719229969
394 0.00658400764415824 1445.0226416188
395 0.00658607897987323 1445.47724725846
396 0.00658986393879101 1446.3079497165
397 0.00659167960233829 1446.70644180174
398 0.00659546162096331 1447.53649894012
399 0.00660416961113757 1449.44768186166
400 0.00660908058273748 1450.52551553649
401 0.00661124607475651 1451.00078609614
402 0.00661358175391323 1451.51340841486
403 0.00661398043492392 1451.60090878217
404 0.00661931776168481 1452.7723165982
405 0.00661983099397457 1452.8849580651
406 0.00662577753392408 1454.1900727203
407 0.00662765752076699 1454.60268213705
408 0.00663511609703656 1456.23965040414
409 0.00663880691278001 1457.04969082384
410 0.00664067881311043 1457.46052545625
411 0.0066442740481255 1458.24958833095
412 0.0066507555350935 1459.6721102851
413 0.00665319462772529 1460.207429238
414 0.00665549814206571 1460.71299219556
415 0.00665893157880201 1461.46654445289
416 0.00666180166112576 1462.09645470896
417 0.00666351953256586 1462.47348390767
418 0.0066638474689298 1462.5454576198
419 0.00666886440821165 1463.64654851242
420 0.00667683188185785 1465.39520684296
421 0.00667705622601625 1465.44444469411
422 0.00667840864881307 1465.74126718705
423 0.00667995564695266 1466.08079403135
424 0.00668198839654193 1466.52693099533
425 0.00668456801995694 1467.09309288988
426 0.00669192913570506 1468.70867104509
427 0.00669450962377151 1469.27502270869
428 0.0067026256617038 1471.05628713095
429 0.00670582036904739 1471.75744434314
430 0.00671098427217062 1472.89079007047
431 0.00671426827566308 1473.61154552189
432 0.00671823030363847 1474.48111014584
433 0.00672034859502366 1474.94602136384
434 0.00672459479326667 1475.87795415213
435 0.00672476271116696 1475.91480787117
436 0.00673052242341758 1477.17891858628
437 0.00673366378868677 1477.86836856643
438 0.00673785979177473 1478.78928479164
439 0.00674054617631127 1479.37887804383
440 0.00674789718117511 1480.99223711645
441 0.00675229929314115 1481.95838901142
442 0.00675285638240156 1482.08065597072
443 0.00675667598542362 1482.91896193073
444 0.00676087748460006 1483.84108440793
445 0.00676896239064778 1485.61551617134
446 0.00677102967694389 1486.06923306628
447 0.00677255404524253 1486.40379323461
448 0.00677589075862456 1487.13611716955
449 0.0067763603572339 1487.23918215058
450 0.00678126283111248 1488.31515079117
451 0.00678448168540124 1489.02160764521
452 0.0067847854288097 1489.0882716174
453 0.00678624773274369 1489.40921023226
454 0.00679234522120215 1490.74745425561
455 0.00679561693238019 1491.46551185588
456 0.00679804918796828 1491.99933025114
457 0.00680305166138332 1493.09724625299
458 0.00680653807802156 1493.86242625469
459 0.00681068371248916 1494.77228784558
460 0.00681337096241041 1495.36207102777
461 0.00682203723693076 1497.2640984216
462 0.00682735125870247 1498.43039138376
463 0.00682982060503135 1498.97235025563
464 0.00683034896522823 1499.08831191435
465 0.00683550615924568 1500.22018516317
466 0.00683664249325727 1500.46958164992
467 0.00683973562399547 1501.14844537423
468 0.006839758946618 1501.15356409818
469 0.00684638840245464 1502.60856146502
470 0.0068540831449018 1504.29736221656
471 0.00685818697970284 1505.1980498411
472 0.00686154139606671 1505.93425913142
473 0.00686444136438695 1506.57072860552
474 0.00686996560170395 1507.7831585467
475 0.00687592826964937 1509.09181288784
476 0.00687748084028654 1509.43256275398
477 0.00687801161699473 1509.54905477562
478 0.00688406383799903 1510.87736374122
479 0.00688813547959144 1511.7709857732
480 0.00689061668352701 1512.31554708892
481 0.00689075123751843 1512.3450782764
482 0.00689601348156703 1513.50000734194
483 0.00689860100167986 1514.06790236132
484 0.00690095810356981 1514.58522642649
485 0.00690365822068073 1515.17783363036
486 0.00690865062266563 1516.27353920881
487 0.00691271403076957 1517.16535419896
488 0.0069156214007218 1517.8034481435
489 0.00692439550071035 1519.72914049207
490 0.00693069708120831 1521.11217754027
491 0.00694031469222001 1523.22299915855
492 0.0069448896941908 1524.22709602334
493 0.00694728471117679 1524.75274149018
494 0.00694865826020536 1525.05420065502
495 0.00695020468861391 1525.3936024578
496 0.00695743778218139 1526.98108299228
497 0.00696069799965601 1527.69661801624
498 0.00696074981730401 1527.70799067537
499 0.00696200918254148 1527.98438939489
500 0.00696346332001621 1528.30353567913
501 0.00697307293444671 1530.41260225071
502 0.00697372887028228 1530.55656352552
503 0.00697817474367451 1531.53231994331
504 0.0069835714639338 1532.71676312543
505 0.00698619812638269 1533.29324889453
506 0.00699609862669814 1535.46615753808
507 0.00699705707201647 1535.6765119697
508 0.00699766642505486 1535.81024950234
509 0.00700161464261329 1536.67678309013
510 0.00700169445170916 1536.69429916192
511 0.00700286111949488 1536.95035314253
512 0.0070111872265773 1538.77772241378
513 0.00701417629039744 1539.43374608975
514 0.00701613532668408 1539.86370485392
515 0.0070165410104079 1539.9527421391
516 0.00702703751990172 1542.25645967655
517 0.0070279198752858 1542.450114298
518 0.00703448149165919 1543.89022262375
519 0.0070386962043195 1544.81524512543
520 0.00703961456478835 1545.01680194953
521 0.00704054947540118 1545.22199111037
522 0.00705070004823391 1547.44978432712
523 0.00705430920629421 1548.24190295702
524 0.00705614330476569 1548.64444104043
525 0.00705851533162157 1549.16504075697
526 0.0070626957936946 1550.08254612368
527 0.00706667203130169 1550.95522940129
528 0.00706966775657637 1551.61271509753
529 0.00707487879827217 1552.75640654563
530 0.00707951502406947 1553.77394048709
531 0.00708248115493883 1554.42493096217
532 0.0070901072206001 1556.09865890154
533 0.00709234707062601 1556.59024915723
534 0.00709852230267332 1557.94555592597
535 0.0071036586977271 1559.07286432994
536 0.00710662576623508 1559.72406059291
537 0.00710863676879423 1560.16542463551
538 0.00711035684830275 1560.54293844921
539 0.00711690137797174 1561.97929667684
540 0.00712453165410613 1563.65394870823
541 0.00712561675604312 1563.89210105436
542 0.00712652776682226 1564.09204480804
543 0.00712980529873043 1564.8113799109
544 0.00713452345472192 1565.84689545142
545 0.00713778427155126 1566.56256201853
546 0.00713900327293422 1566.83010189603
547 0.00714240043641653 1567.57569309436
548 0.00714593538526455 1568.35152468484
549 0.00714652127756855 1568.48011318148
550 0.00715989545607902 1571.41540606162
551 0.00716792812897478 1573.17837397333
552 0.00717092993518303 1573.83719428022
553 0.00717612621491604 1574.977645852
554 0.00717757964116914 1575.29663604113
555 0.0071788679049067 1575.57937724827
556 0.00718380315636219 1576.66253973542
557 0.00719264009819802 1578.60202427517
558 0.00719301949973487 1578.6852932871
559 0.00719697582315465 1579.55360590581
560 0.00719850227466477 1579.88862328621
561 0.00720222103767957 1580.70479742294
562 0.00720680854101162 1581.71163801937
563 0.0072095513673911 1582.31361882416
564 0.00721155229303306 1582.75277123908
565 0.00721745173518232 1584.047549122
566 0.00722604945055187 1585.93452952158
567 0.00722785788117337 1586.33143416311
568 0.00723813263515842 1588.58648199232
569 0.00723841101081763 1588.64757838713
570 0.00724563427729398 1590.23290212441
571 0.0072458250353071 1590.27476866876
572 0.00725144672189995 1591.5085862537
573 0.00725631161258595 1592.576306337
574 0.00725801337495679 1592.94980000369
575 0.00727037540227251 1595.66295137486
576 0.00727285590061945 1596.20735783177
577 0.00727797272123502 1597.33037014315
578 0.00728127686612271 1598.05554611984
579 0.00728514078653381 1598.90357862242
580 0.00728580857141878 1599.05014046297
581 0.00728750869358001 1599.42327414526
582 0.0072933364441861 1600.70231755326
583 0.0072940754651472 1600.86451390526
584 0.00729804697083652 1601.73615864697
585 0.00730014994173098 1602.19770740593
586 0.00730343545625546 1602.91879449055
587 0.00731178200512726 1604.75065021596
588 0.00731182362165925 1604.75978398892
589 0.00731413327418402 1605.26669412223
590 0.00731537686987003 1605.53963182528
591 0.00732504092179349 1607.66064604549
592 0.00732593187820576 1607.85618837441
593 0.00732749750484781 1608.1998037024
594 0.00733544509208539 1609.94409747076
595 0.00734710112741091 1612.50230151109
596 0.00734817635145762 1612.73828591091
597 0.00735620914651609 1614.50128063423
598 0.00735825142011305 1614.94950787629
599 0.00736167997752342 1615.70198924536
600 0.00736189019867262 1615.7481274543
601 0.00736910030579378 1617.33056304698
602 0.00736972548970187 1617.46777505389
603 0.00737577709347313 1618.79594855249
604 0.00737788632848587 1619.25887212649
605 0.00738175437676604 1620.10781059161
606 0.00738810419002488 1621.50143350716
607 0.00739666529193007 1623.38037818019
608 0.00739836114897535 1623.75257577774
609 0.00740123194338754 1624.38264231916
610 0.00740596627673307 1625.42170837847
611 0.00740747476864969 1625.75278408373
612 0.00741318848551718 1627.00679997914
613 0.00741372333944675 1627.12418684744
614 0.00742004093209265 1628.51073815589
615 0.00742308869468792 1629.17964472381
616 0.00742612743027218 1629.84657009184
617 0.00742779699819504 1630.21299789397
618 0.00743710745696114 1632.25640738679
619 0.00743943132563729 1632.76643760465
620 0.00744068549953788 1633.04169695744
621 0.00744370569144412 1633.70455245859
622 0.00745148995013219 1635.41299975398
623 0.0074534723512535 1635.84808650659
624 0.00745757545075757 1636.7486127521
625 0.00746343196718623 1638.03396952837
626 0.00747438448747861 1640.43776986711
627 0.00748039382479965 1641.75666695219
628 0.00748116809838139 1641.92660036006
629 0.00749073998376991 1644.02738636411
630 0.00749147372474492 1644.18842389311
631 0.00750152083590059 1646.39350989657
632 0.00750600379366689 1647.37740539364
633 0.00750706608108374 1647.6105505314
634 0.00750858030976323 1647.94288531057
635 0.00751309099182648 1648.93286558745
636 0.00751541082564465 1649.44201025636
637 0.00752015971192489 1650.48427031562
638 0.00752239849470327 1650.97562633756
639 0.00752538657549328 1651.63143426336
640 0.00752665934761073 1651.91077545291
641 0.00753407620634347 1653.53858777904
642 0.00753573654249523 1653.90298944162
643 0.00753644731298554 1654.058985532
644 0.00754402230435993 1655.72150396114
645 0.0075462690736695 1656.21461282406
646 0.0075550363314187 1658.13880347468
647 0.00755508755630861 1658.15004603844
648 0.00755534567399585 1658.20669632234
649 0.00756281285631718 1659.84555339946
650 0.00758078301652212 1663.78954766148
651 0.00758566674651287 1664.86140249422
652 0.00758727482563021 1665.2143350635
653 0.00758763220459717 1665.29277068005
654 0.00759182781041583 1666.21359971472
655 0.00759550907548114 1667.02154400287
656 0.00760258205341716 1668.57388321837
657 0.00760272057103367 1668.604284321
658 0.00760727592541306 1669.60406903794
659 0.00761201241272516 1670.64360783826
660 0.00761823468401459 1672.00923852727
661 0.00762364167696901 1673.19593630535
662 0.00762714088262998 1673.96392317309
663 0.00763157777333071 1674.93770811798
664 0.00763631332331494 1675.97704119862
665 0.00764286776261928 1677.4155743398
666 0.00764331788584324 1677.51436496783
667 0.0076463284516713 1678.17510778903
668 0.00764649873135241 1678.21247985904
669 0.00765552738730815 1680.19404078432
670 0.00765704728373437 1680.52761949011
671 0.00766514870787311 1682.30567655543
672 0.00766621828079615 1682.54042067697
673 0.00767430215807646 1684.31462665203
674 0.00767594226246957 1684.67458795687
675 0.00768323165551219 1686.27442479783
676 0.00768505308152729 1686.67418159856
677 0.00769291723408053 1688.40016357045
678 0.00769348727752266 1688.52527364399
679 0.00769567169986357 1689.00469892903
680 0.00769940016065273 1689.8230014812
681 0.00770519744962478 1691.09535933334
682 0.00770803288866186 1691.71766626689
683 0.00772051669302574 1694.45754461065
684 0.0077260682324298 1695.67596666728
685 0.00772771981827471 1696.03844785951
686 0.00773152009287272 1696.8725117208
687 0.00773193715408775 1696.96404607666
688 0.00773547953010415 1697.74150774218
689 0.00774588203392998 1700.02459342043
690 0.00774811895884016 1700.51554168743
691 0.00774891546340281 1700.69035423161
692 0.0077528926961996 1701.56325592811
693 0.00776183133721721 1703.52506085815
694 0.00776516444108724 1704.25659259678
695 0.00776979087079868 1705.27197654592
696 0.00777309787566539 1705.99778021545
697 0.00777439642524858 1706.28277890475
698 0.00777919487308915 1707.33591646914
699 0.00777922951275666 1707.34351899735
700 0.00778309986731062 1708.19296363105
701 0.00778981706048915 1709.66721711854
702 0.00779011078247731 1709.73168164322
703 0.00779450044756948 1710.69510176515
704 0.00780166490141523 1712.26751762209
705 0.00780206515265482 1712.35536261481
706 0.00780866584154055 1713.80404636575
707 0.00782514217154182 1717.42018279654
708 0.00782824208759724 1718.10053572583
709 0.0078373342090572 1720.09602571917
710 0.00784053350017744 1720.79818895405
711 0.00784328200409153 1721.40141583365
712 0.00785514038632414 1724.00402988655
713 0.00785579499787259 1724.14770051394
714 0.00786538024506375 1726.25141909468
715 0.00786586122410674 1726.35698179217
716 0.00786897565540035 1727.040520448
717 0.00787064895380979 1727.40776699729
718 0.00787153455532241 1727.6021340616
719 0.00788433157780332 1730.4107558357
720 0.00788499060778528 1730.55539619715
721 0.00789339186593052 1732.39925922011
722 0.00789381197256571 1732.49146196843
723 0.00789781736075555 1733.3705430594
724 0.00789941825537339 1733.72189881332
725 0.00790128613601168 1734.13185122529
726 0.00790396542341224 1734.71988683619
727 0.00790961628041664 1735.96010658642
728 0.00791571064839762 1737.29766574413
729 0.0079215735803506 1738.58443056522
730 0.00792185147583344 1738.6454215735
731 0.00792742966549012 1739.86969268447
732 0.00792810436507224 1740.01777212561
733 0.00793407482025084 1741.32813556687
734 0.00794491790461595 1743.70791749596
735 0.00794665590403405 1744.08936427519
736 0.00795631216791646 1746.20866921796
737 0.00795938411488312 1746.88288364185
738 0.00795980120761161 1746.97442491411
739 0.0079702387697629 1749.26520500537
740 0.00797076184792636 1749.38000739175
741 0.0079828303072289 1752.02872803185
742 0.00798596067281962 1752.71576386164
743 0.00798993979084565 1753.58907931813
744 0.00799847556912125 1755.46246609693
745 0.00800145119528053 1756.11554054725
746 0.00800299880074328 1756.45520068358
747 0.00801057646305472 1758.11830531564
748 0.00801342330189237 1758.74311421621
749 0.00801518622934269 1759.13003206608
750 0.00802124634193703 1760.46007303548
751 0.00802899211383762 1762.16007345743
752 0.00803138734741905 1762.68576646148
753 0.0080364563430918 1763.79828241123
754 0.00804188772757046 1764.99033351007
755 0.00804331094308882 1765.30269320937
756 0.00804908967206442 1766.57097761316
757 0.00805238013834745 1767.29315148316
758 0.00805781186849628 1768.48527844783
759 0.00805913041574132 1768.77466611657
760 0.00806243001394857 1769.49884421226
761 0.00807474465970949 1772.20159653422
762 0.00807535389986194 1772.33530929126
763 0.00807711460957178 1772.72174040336
764 0.00807884450653012 1773.10140889823
765 0.00808328518643703 1774.07602547775
766 0.00808583314867305 1774.63523854675
767 0.00809076806107983 1775.71832662131
768 0.00810104461071633 1777.97376855046
769 0.00810936777173404 1779.80049123525
770 0.0081140959691109 1780.83821060511
771 0.00812107520804119 1782.36997648701
772 0.00812620587470518 1783.49602765475
773 0.00812649085331647 1783.55857323002
774 0.00813517028708521 1785.46348874502
775 0.00814249185066332 1787.07038620235
776 0.00814328968924879 1787.24549153069
777 0.00814481872363317 1787.58107578646
778 0.00815237258582075 1789.23895689515
779 0.00815509389287271 1789.8362147535
780 0.00817230312225048 1793.61320400377
781 0.00817386309333537 1793.95557808043
782 0.00817565058131354 1794.34788634308
783 0.00817672188884853 1794.58301116793
784 0.00819035723258061 1797.57562318845
785 0.00819155980370184 1797.83955704033
786 0.00819670813080436 1798.96948422628
787 0.00819807164769649 1799.26874159168
788 0.00820155239619304 1800.03267758008
789 0.00820743992113492 1801.32483993831
790 0.00821125522811369 1802.16220302582
791 0.0082142425653711 1802.81784776507
792 0.00822178104252595 1804.4723522494
793 0.00822384871646881 1804.92615422297
794 0.00822723875031714 1805.67018064752
795 0.00822985166204381 1806.24364848195
796 0.0082401022286158 1808.49338778763
797 0.00824355486212146 1809.25115324881
798 0.00824499678657505 1809.56761908475
799 0.00824571996626969 1809.72633868065
800 0.00825049686677341 1810.77474715125
801 0.00825880965684028 1812.59919367545
802 0.00826053753851407 1812.97841986649
803 0.00826174245849406 1813.24286923328
804 0.00827277373940843 1815.66395553038
805 0.0082814360723923 1817.56511785695
806 0.00828989067322599 1819.42068824673
807 0.00829652234639745 1820.87617226231
808 0.00830317577762859 1822.33643162
809 0.00830446465249553 1822.61930695453
810 0.00831211140058774 1824.29757416278
811 0.00831275483372643 1824.43879141282
812 0.00831550918207058 1825.04330099654
813 0.00831653889379451 1825.26929659616
814 0.00832139869412606 1826.3358994758
815 0.00832751260089887 1827.67774690262
816 0.00833383476007012 1829.06530044753
817 0.00833670465604597 1829.69516980497
818 0.00834432839571666 1831.36838724841
819 0.00834750693666746 1832.06599634752
820 0.00835504351246148 1833.72008353138
821 0.00835937358855515 1834.67042537991
822 0.00836057598797303 1834.93432154727
823 0.00836484224299095 1835.87065628881
824 0.00836957061187221 1836.90841329953
825 0.00837540790374128 1838.18955077269
826 0.00838077070455068 1839.3665494961
827 0.00838153342120828 1839.53394645232
828 0.00839134441416497 1841.68721050142
829 0.00839295336347167 1842.0403340552
830 0.00840190736584706 1844.00551041356
831 0.00840389424608586 1844.44158021882
832 0.00841047645184146 1845.88620739162
833 0.00841462017691133 1846.79564991815
834 0.00842300959301738 1848.63691391394
835 0.00842472070001335 1849.01245848877
836 0.00842888056583961 1849.92544350184
837 0.00843258346768323 1850.73813651389
838 0.00843485836729473 1851.23741926441
839 0.00843723533653873 1851.75910370976
840 0.00844283712347145 1852.98855382416
841 0.00845566373801863 1855.80367030606
842 0.00846314144660819 1857.444837632
843 0.00846450567374487 1857.74425087806
844 0.00846893079014106 1858.71545166182
845 0.00847575564800892 1860.21333481717
846 0.00848097820978409 1861.35955463043
847 0.0084856718417552 1862.38968777064
848 0.00848584660174317 1862.42804315434
849 0.00849129569888205 1863.62398173273
850 0.00849266736772666 1863.92502824488
851 0.00849960934406664 1865.44861593357
852 0.00850066448472616 1865.68019253941
853 0.00851457808576383 1868.73387497912
854 0.00852021281335619 1869.97055473261
855 0.00852238265328681 1870.44677954854
856 0.00853016151395887 1872.15404211636
857 0.00853405372175745 1873.00828298284
858 0.00853850869821561 1873.98603729265
859 0.00854452228815146 1875.3058677188
860 0.008546692156751 1875.78209882683
861 0.00854962623730877 1876.42605507163
862 0.00856035676781522 1878.78113428424
863 0.00856701024432066 1880.24140357849
864 0.00857101639400645 1881.1206517985
865 0.00857342854135121 1881.6500569445
866 0.00858250399679114 1883.64188916926
867 0.00858386738562186 1883.94111842843
868 0.00859238252190956 1885.80997481457
869 0.0085961120748409 1886.62851706424
870 0.00859613006207578 1886.63246480596
871 0.00860143090632128 1887.79586563543
872 0.00860427285722556 1888.41960175862
873 0.00860859539444583 1889.3682890157
874 0.00861184736991772 1890.08201512916
875 0.00861697407105792 1891.20719596503
876 0.00862644585770037 1893.28601283382
877 0.00862863350767022 1893.76614650152
878 0.00863540066583642 1895.2513660362
879 0.00864005288927163 1896.27241105332
880 0.00864778779250546 1897.97002607865
881 0.00865683703915468 1899.95610613877
882 0.00865844372416842 1900.30873273769
883 0.00866689688957155 1902.16398808687
884 0.00866801304086413 1902.40895497883
885 0.00867622391195323 1904.21103287309
886 0.00868364069809412 1905.83882926715
887 0.00868976611469001 1907.18320280813
888 0.00869077107478583 1907.40376605332
889 0.00869449410072103 1908.22087579293
890 0.00869625344980702 1908.60700828262
891 0.00869959234689772 1909.33981148621
892 0.00870222230342297 1909.9170202215
893 0.00870782557852714 1911.14679695178
894 0.00871100103047102 1911.84372809225
895 0.00872244399924803 1914.35516943068
896 0.00872411964126942 1914.72293034334
897 0.00872517551382718 1914.95466758228
898 0.00873490289294889 1917.08958051589
899 0.00873768967455986 1917.70120837885
900 0.00874202849272231 1918.65346888969
901 0.00874252946652026 1918.76341992863
902 0.0087485588271055 1920.08671161221
903 0.00875876019495291 1922.32565304602
904 0.00876480924013624 1923.65326499948
905 0.00877244292095389 1925.32866427247
906 0.00877782050886113 1926.50890838871
907 0.00878097946245892 1927.20221856077
908 0.00879054226984296 1929.30101217314
909 0.00879564280113792 1930.42044939191
910 0.00879700297970682 1930.71897408005
911 0.00880247047396912 1931.9189503603
912 0.00880555224298893 1932.59532047567
913 0.00880805683466437 1933.14501480693
914 0.00881216258606976 1934.0461230775
915 0.00882070129680405 1935.92015345659
916 0.0088297547494 1937.90715661531
917 0.00883808174899724 1939.73472177092
918 0.00883929546920502 1940.00110256445
919 0.00884767243169657 1941.8396333078
920 0.00884776161040322 1941.85920577145
921 0.00885532050061272 1943.51819040339
922 0.00886222301947426 1945.0331181766
923 0.00886248064045732 1945.08965944653
924 0.00886428174950487 1945.48495718833
925 0.00887694703364826 1948.26466573955
926 0.00888054021162239 1949.05327714595
927 0.00888854791975639 1950.8107659258
928 0.00889558411264129 1952.35503175583
929 0.0088969817345254 1952.66177430172
930 0.00889890707580468 1953.08433786662
931 0.00890335383602844 1954.06028892142
932 0.00891378746315345 1956.35020537424
933 0.00891524309766062 1956.66968021912
934 0.00891553768677495 1956.73433505599
935 0.00891624276082558 1956.88908092237
936 0.00893839557264781 1961.75106110052
937 0.00893920682922507 1961.92911133765
938 0.00894274859797005 1962.7064397225
939 0.00894454748037235 1963.10124877215
940 0.008954604502097 1965.30850989407
941 0.00895853525783705 1966.17121105574
942 0.00896153724117472 1966.83007023804
943 0.00897095754006509 1968.8975868515
944 0.00897625446635186 1970.06012778842
945 0.00897779686936878 1970.39864611987
946 0.00898547975706755 1972.08484505489
947 0.00899238815660418 1973.60106348708
948 0.00900026150929499 1975.32906465576
949 0.00900505247653653 1976.38056041844
950 0.00900532977364807 1976.44142009939
951 0.00901563795380836 1978.70380412605
952 0.00901626938826797 1978.84238797044
953 0.00901888952838163 1979.41744225243
954 0.00903102073512975 1982.07993436493
955 0.00903849559417834 1983.72047628892
956 0.0090386519057077 1983.75478270399
957 0.009043658992088 1984.85371113469
958 0.00904707897605818 1985.60431085115
959 0.00905262160704014 1986.82077773514
960 0.0090559882278341 1987.55966558825
961 0.00906413199050863 1989.34701488805
962 0.00906987645520313 1990.60777915142
963 0.00907994184708884 1992.81687731134
964 0.0090810839149233 1993.06753222674
965 0.00908127494208366 1993.10945784208
966 0.00909008530562612 1995.04310912073
967 0.00909326674587538 1995.7413545423
968 0.00909623666282086 1996.39317596504
969 0.00910212452216347 1997.68541171575
970 0.00910915264862585 1999.22790717068
971 0.00911071223572024 1999.57019697117
972 0.00911837829628537 2001.25270277726
973 0.00912023390786633 2001.65996244242
974 0.00913111919288374 2004.04900634406
975 0.00913481747851803 2004.86068621528
976 0.0091416428051554 2006.35867225364
977 0.00914220755028865 2006.48261948281
978 0.00915093018457521 2008.39701641548
979 0.0091529085853182 2008.83122518653
980 0.00916622739908906 2011.75436691093
981 0.00917304156501714 2013.24990345676
982 0.00917399608159263 2013.45939562899
983 0.00917943629712117 2014.65338491924
984 0.00918693525600993 2016.29921614673
985 0.00919927875455832 2019.00830092355
986 0.0092026796819405 2019.75471820241
987 0.00920630817693689 2020.5510807992
988 0.00921908399775217 2023.35504934558
989 0.00922134747947339 2023.85182615886
990 0.00922327204689891 2024.27421988248
991 0.00922743514567567 2025.18791444616
992 0.00922804407430165 2025.32155883105
993 0.00922883567061263 2025.49529413851
994 0.00924092448813697 2028.1484828918
995 0.00924137352521041 2028.24703513735
996 0.00924681713260845 2029.4417688569
997 0.00925500901880402 2031.23968004867
998 0.0092610261675665 2032.56029154698
999 0.00926716663473224 2033.9079683062
1000 0.00926780730967515 2034.04858020225
1001 0.00927451428534109 2035.52059120495
1002 0.00928045014101381 2036.82336093245
1003 0.00928047610142308 2036.82905858367
1004 0.00929082007080243 2039.09929743594
1005 0.00929450484744645 2039.90801242652
1006 0.0093063772316234 2042.51369955097
1007 0.00930944669774111 2043.18736949145
1008 0.00931487245185889 2044.37818486892
1009 0.00931833347381035 2045.13779138114
1010 0.00933330247312373 2048.42310696691
1011 0.00933563392144872 2048.93480072541
1012 0.0093396135395896 2049.80822594442
1013 0.00934305368064876 2050.56324963052
1014 0.00935393712792724 2052.95189019509
1015 0.00936692775233918 2055.80300268137
1016 0.00936753760773716 2055.9368504692
1017 0.00936880883268913 2056.21585209518
1018 0.0093738015143198 2057.31161904878
1019 0.00937590464314871 2057.77320247034
1020 0.00938443159701795 2059.64465251582
1021 0.00938864486431074 2060.569357796
1022 0.00939756821323209 2062.52780649887
1023 0.00940137735542909 2063.36381657318
1024 0.00940411457965321 2063.96456784699
1025 0.00940489261465979 2064.13532679219
1026 0.00941096400741244 2065.46784347016
1027 0.00942147512482284 2067.7747670747
1028 0.00942831288198975 2069.27548129893
1029 0.00943322267925359 2070.35305723679
1030 0.00944014386612806 2071.87208216523
1031 0.00944878896574766 2073.76946220555
1032 0.00945076315357406 2074.2027463483
1033 0.00946132172376599 2076.5200846345
1034 0.00946509907411069 2077.34911720379
1035 0.00946576309378484 2077.49485267608
1036 0.00947020087923322 2078.46883399539
1037 0.00947174898541355 2078.80860402651
1038 0.00947596038389298 2079.73289914957
1039 0.00948923996126622 2082.64742948012
1040 0.00949381238825446 2083.65096120156
1041 0.00949477159113288 2083.8614818984
1042 0.00950333231753311 2085.74034415762
1043 0.00950428967950013 2085.95046082111
1044 0.00951202643275498 2087.64848187912
1045 0.00951490869773638 2088.28106591947
1046 0.00951671822275147 2088.67821075264
1047 0.00952357923268847 2090.18402836999
1048 0.00953787428174122 2093.32142897167
1049 0.00953861642558098 2093.48431071631
1050 0.00954244598093536 2094.32480096078
1051 0.00954941970761984 2095.85535704457
1052 0.00955545555912396 2097.18007332017
1053 0.0095556120733769 2097.21442422793
1054 0.0095597035198082 2098.1123929196
1055 0.00957346088358229 2101.1317852437
1056 0.00957859023757124 2102.25754831256
1057 0.00958417135487942 2103.48246196876
1058 0.00958652442611389 2103.99890140731
1059 0.00959934780268455 2106.8133072355
1060 0.00960230277353029 2107.46184836853
1061 0.00961038456529688 2109.23559662624
1062 0.00961055054975773 2109.27202600438
1063 0.00962558777933529 2112.57231640214
1064 0.00963312885721113 2114.22739167874
1065 0.00963673241360945 2115.01828088594
1066 0.00963713843126883 2115.10739146151
1067 0.0096401997444218 2115.77927203307
1068 0.00964598271670583 2117.04848773541
1069 0.00965373738181257 2118.75043999048
1070 0.00966081726632524 2120.30429502434
1071 0.0096648054719676 2121.17960498207
1072 0.00967206745107508 2122.77342515975
1073 0.00967899981389697 2124.29490292511
1074 0.00968030237087531 2124.58078113598
1075 0.00968382407743119 2125.3537063793
1076 0.00968684861657125 2126.01751598799
1077 0.00969559953575311 2127.93812073758
1078 0.00969968464738515 2128.83469910154
1079 0.0097121468843496 2131.56984394828
1080 0.00972402342231293 2134.17644272346
1081 0.00972498615476782 2134.38773807279
1082 0.0097295392171149 2135.38701974678
1083 0.00973020973826493 2135.53418212809
1084 0.00973037794136147 2135.57109844047
1085 0.00974544455457547 2138.87783780097
1086 0.00975262125650701 2140.45294180201
1087 0.00976056051410921 2142.19540742673
1088 0.0097623929677401 2142.59758450936
1089 0.00977384080303141 2145.11009392422
1090 0.00977539240250053 2145.45063064362
1091 0.00978268221761355 2147.05056011831
1092 0.00979185327635197 2149.06337484164
1093 0.00979724085800293 2150.24581233108
1094 0.00980141903637666 2151.16281648372
1095 0.00980205563639773 2151.30253403781
1096 0.00981318962619305 2153.74616232856
1097 0.00981928247760671 2155.08338863822
1098 0.00982742060449555 2156.86950102604
1099 0.00982983968935227 2157.4004287799
1100 0.00983524821422625 2158.58746277547
1101 0.00983530058172466 2158.59895611281
1102 0.00984189207453397 2160.04562155827
1103 0.00984354850218437 2160.40916540397
1104 0.00984868302126544 2161.53606207952
1105 0.00986569445685446 2165.26964061118
1106 0.00986628985033903 2165.40031437591
1107 0.00988023613809214 2168.4611707204
1108 0.00988512586613893 2169.53434197427
1109 0.0098865704700835 2169.8513958905
1110 0.00989036938053358 2170.68516035594
1111 0.00989402977583058 2171.4885242594
1112 0.00990342886895181 2173.55138674452
1113 0.00990575580336032 2174.06208981286
1114 0.00991512702590539 2176.11883541359
1115 0.00991619382484603 2176.35297071637
1116 0.00992037588145434 2177.27082604311
1117 0.00992316485704004 2177.88293542787
1118 0.00993322854913947 2180.09166052782
1119 0.00994325876410869 2182.29303824701
1120 0.00995152371936798 2184.10698624451
1121 0.00995230422434789 2184.27828728619
1122 0.00995433126539577 2184.72317137017
1123 0.00995713914263394 2185.3394291881
1124 0.00995959196209555 2185.8777608319
1125 0.00996175295562847 2186.35204408796
1126 0.00997511635916107 2189.28497213382
1127 0.00997823197079703 2189.96876984485
1128 0.00999502379951601 2193.65415023997
1129 0.0100058858382034 2196.03809216192
1130 0.0100114061500434 2197.2496605605
1131 0.0100119612559001 2197.37149221301
1132 0.0100201169165357 2199.16145281342
1133 0.0100221759748421 2199.61336387336
1134 0.0100396972105788 2203.45883060381
1135 0.0100420884792112 2203.98365340214
1136 0.0100514262314422 2206.03305311807
1137 0.010054348887352 2206.6745019425
1138 0.0100620994076368 2208.37554451431
1139 0.0100643580877238 2208.87126749068
1140 0.010070805402998 2210.28628962499
1141 0.0100751534354682 2211.24057244261
1142 0.0100826250829947 2212.88040951898
1143 0.0100882161969275 2214.10751718066
1144 0.0100884028262865 2214.14847759018
1145 0.0100894608424794 2214.38068530265
1146 0.0101056172101914 2217.92659812839
1147 0.0101062760202897 2218.07119023095
1148 0.0101128972695999 2219.52438647344
1149 0.0101135249739246 2219.66215164787
1150 0.010127258223222 2222.67625145611
1151 0.0101317991946003 2223.67287946921
1152 0.0101359202332371 2224.57734289923
1153 0.0101372738991455 2224.87443822361
1154 0.0101459352768772 2226.77539089658
1155 0.0101523959461771 2228.19334390071
1156 0.0101572053911861 2229.24889506457
1157 0.0101644944693962 2230.84866280778
1158 0.0101684404328395 2231.7147016745
1159 0.0101766110784224 2233.50795109067
1160 0.0101779603215119 2233.8040757185
1161 0.0101944304494072 2237.41885094438
1162 0.0102001956567619 2238.68416769543
1163 0.0102077369766449 2240.33929608646
1164 0.0102105154919327 2240.94910970121
1165 0.010220366621578 2243.11118273518
1166 0.0102233267161209 2243.76084838974
1167 0.0102237631311791 2243.85663042318
1168 0.0102255639256559 2244.25185912468
1169 0.010234299300124 2246.16905220397
1170 0.0102343577689346 2246.18188462456
1171 0.0102434514406705 2248.17771486412
1172 0.0102443981003039 2248.3854826369
1173 0.0102531753024647 2250.31185583358
1174 0.0102534279363247 2250.36730255652
1175 0.0102839895462707 2257.07480059162
1176 0.0102857493636707 2257.46103586436
1177 0.0102913540868258 2258.69113040508
1178 0.0102959784394765 2259.70605849209
1179 0.0103036207427337 2261.38335017181
1180 0.0103067902277547 2262.07897172407
1181 0.0103108279834698 2262.96515666568
1182 0.0103211466599614 2265.22984437077
1183 0.0103237438400782 2265.79985951595
1184 0.0103302548361116 2267.22885796131
1185 0.010344763076507 2270.41304865404
1186 0.0103474264451021 2270.99759049099
1187 0.0103511124744075 2271.80658040898
1188 0.0103588136408224 2273.49679105845
1189 0.0103684321798319 2275.6078163487
1190 0.0103775990335118 2277.61970816835
1191 0.0103815769522883 2278.49276042
1192 0.0103885336866425 2280.01958711841
1193 0.0103891877171838 2280.16313022945
1194 0.0103942751619099 2281.27969527836
1195 0.0104000601872081 2282.54936156522
1196 0.0104012940768502 2282.8201690379
1197 0.0104055033296874 2283.74399324691
1198 0.0104097591423798 2284.67803616292
1199 0.0104178393950254 2286.45144662262
1200 0.0104192164768017 2286.75368113595
1201 0.0104228712628218 2287.55581394544
1202 0.0104315588421826 2289.46251721126
1203 0.0104484431018757 2293.16818386023
1204 0.0104490297680745 2293.29694220713
1205 0.0104628887385941 2296.33863463411
1206 0.0104636042557689 2296.49567250129
1207 0.010473244468838 2298.61145469776
1208 0.0104740443607258 2298.78701067387
1209 0.0104808860521939 2300.28858837741
1210 0.0104866474973561 2301.55307942266
1211 0.0104904808544871 2302.39440406065
1212 0.0105028364644131 2305.10614697757
1213 0.0105100845290391 2306.69691327958
1214 0.010515813725395 2307.95432652999
1215 0.0105159830295269 2307.99148449169
1216 0.0105263621487011 2310.26943783217
1217 0.0105264056169142 2310.27897800216
1218 0.0105372127956472 2312.65087955594
1219 0.010538828153605 2313.00540964605
1220 0.0105441617174035 2314.1759915873
1221 0.0105442647077872 2314.19859536365
1222 0.0105678462390385 2319.37414320988
1223 0.0105686954252371 2319.56051803661
1224 0.0105882450511371 2323.85116494765
1225 0.0105898315680165 2324.19936515273
1226 0.0105924611342479 2324.77648822844
1227 0.0105938738767464 2325.08654936557
1228 0.0105986722469418 2326.13966988881
1229 0.0105994111665237 2326.30184399067
1230 0.0106099990409851 2328.62561382056
1231 0.0106324549557656 2333.55411740833
1232 0.0106371305037309 2334.58028156805
1233 0.0106373668862764 2334.63216153977
1234 0.0106486944214751 2337.1182681363
1235 0.0106509152740466 2337.60568893272
1236 0.0106513452867312 2337.70006580758
1237 0.0106577263485099 2339.10054698046
1238 0.0106581067975366 2339.18404588984
1239 0.0106840460980902 2344.87706428128
1240 0.0106843353201213 2344.94054117956
1241 0.0106859677756534 2345.29882375346
1242 0.0106905835520266 2346.31186956512
1243 0.0106931202294065 2346.86860589451
1244 0.010698684881406 2348.08990583317
1245 0.0107217844152986 2353.15966748744
1246 0.0107218084181319 2353.16493550039
1247 0.0107390192683207 2356.94228047756
1248 0.0107425371316445 2357.71436222893
1249 0.0107537686499556 2360.17939555461
1250 0.0107541816900856 2360.27004738431
1251 0.010761634561399 2361.90576355827
1252 0.0107619281058935 2361.97018912757
1253 0.010768804002685 2363.47927403182
1254 0.0107772286230524 2365.32826446983
1255 0.0107801252562557 2365.96400197038
1256 0.0107811737162031 2366.1941123294
1257 0.0107899999737342 2368.13125193532
1258 0.0107979278942938 2369.87122936681
1259 0.0108021985343678 2370.80852651691
1260 0.0108175868048898 2374.18586149607
1261 0.0108189745767551 2374.49044221274
1262 0.0108377292898365 2378.60662592703
1263 0.0108377414613197 2378.60929725879
1264 0.0108436486657018 2379.9057787549
1265 0.0108472458387465 2380.69526697792
1266 0.0108534586966547 2382.05883166857
1267 0.0108548860611355 2382.37210195986
1268 0.0108836744896941 2388.69043166605
1269 0.0108870768336265 2389.43715984175
1270 0.0108910621816896 2390.31184263333
1271 0.0108918651130033 2390.48806568631
1272 0.0108960595308524 2391.4086339918
1273 0.0108981857843241 2391.87529268579
1274 0.0109064462658716 2393.68825881705
1275 0.0109097532038799 2394.41404781285
1276 0.0109140819336946 2395.36409418731
1277 0.0109232367910578 2397.3733531198
1278 0.0109234834770055 2397.4274944269
1279 0.0109325270778995 2399.41233538697
1280 0.0109576776814448 2404.93225479436
1281 0.0109582257961959 2405.05255207654
1282 0.0109618169944659 2405.84072898811
1283 0.0109670056460457 2406.97950637379
1284 0.0109670374219255 2406.98648037324
1285 0.0109786203472675 2409.52863862701
1286 0.0109788299736021 2409.57464628924
1287 0.0109886894066041 2411.73854169935
1288 0.0109888457576322 2411.7728567834
1289 0.0110099707364566 2416.40925369464
1290 0.0110124117864754 2416.94500224432
1291 0.0110195990673957 2418.52242806502
1292 0.0110343097028343 2421.75103933497
1293 0.0110421475263085 2423.47124274197
1294 0.0110422129108293 2423.48559298549
1295 0.0110642143187592 2428.31434385037
1296 0.0110671007253586 2428.94783687081
1297 0.0110698230709314 2429.54532265813
1298 0.0110708918902939 2429.77990139226
1299 0.011087598145891 2433.44650065812
1300 0.0110876059661645 2433.44821700975
1301 0.0110976278685008 2435.64777031691
1302 0.0110977707118049 2435.67912079821
1303 0.0110993997222437 2436.03664726154
1304 0.0111198349482033 2440.52166091798
1305 0.0111277603144363 2442.2610777396
1306 0.011128495112347 2442.42234723916
1307 0.0111306893439019 2442.90392539781
1308 0.0111543293576591 2448.09230867038
1309 0.0111564411953647 2448.55580346942
1310 0.0111587145949408 2449.05475700023
1311 0.0111635230618728 2450.110093501
1312 0.0111636974390656 2450.14836487088
1313 0.0111658356872215 2450.61765609374
1314 0.0111853916999711 2454.90970475622
1315 0.0111870023386906 2455.26319909325
1316 0.011211996998754 2460.74889286265
1317 0.0112120166285629 2460.75320110768
1318 0.0112189663638818 2462.27849169541
1319 0.0112215545684759 2462.84653694105
1320 0.0112407442437743 2467.058183827
1321 0.0112412379879227 2467.16654814129
1322 0.0112431346705194 2467.58282185241
1323 0.0112516255033363 2469.4463442433
1324 0.0112553677355434 2470.26766927233
1325 0.0112776983738619 2475.16867785494
1326 0.0112785092111781 2475.34663607491
1327 0.0112785159533213 2475.34811580429
1328 0.0112888374083997 2477.61341333869
1329 0.0113021101171653 2480.5264361841
1330 0.011302124658811 2480.52962770643
1331 0.0113042559577975 2480.9973937629
1332 0.0113116854279146 2482.62797396794
1333 0.0113116915442296 2482.62931634391
1334 0.0113251596533776 2485.58522461598
1335 0.0113405785900126 2488.96929002894
1336 0.0113430863980072 2489.51969026067
1337 0.0113547918337829 2492.08873644652
1338 0.0113559625413217 2492.34567705044
1339 0.0113647619104798 2494.27691534065
1340 0.0113660214410595 2494.5533503486
1341 0.0113871031168867 2499.18024335056
1342 0.0113910452444251 2500.04544033346
1343 0.011395655527015 2501.05728039906
1344 0.0113995259967041 2501.90675030202
1345 0.0114079781561173 2503.76178486193
1346 0.0114090775338395 2504.00307038075
1347 0.011410289506886 2504.26906771668
1348 0.0114106507237333 2504.34834565059
1349 0.0114271174050952 2507.96236444983
1350 0.011432298998234 2509.09959268678
1351 0.0114412376071128 2511.06139056318
1352 0.0114547034011548 2514.01679072819
1353 0.0114659497734625 2516.48508412926
1354 0.0114774738261728 2519.01432133395
1355 0.011479901541038 2519.54714315574
1356 0.011485527950684 2520.78199733104
1357 0.0114874226773246 2521.19784175943
1358 0.0115020117289999 2524.39976847792
1359 0.0115049222503863 2525.0385540823
1360 0.0115165370398305 2527.5877056981
1361 0.0115199351546876 2528.33350569906
1362 0.0115367456069881 2532.02297349784
1363 0.0115391855351305 2532.55847582411
1364 0.0115473547552443 2534.35141238599
1365 0.0115620230634858 2537.57073391001
1366 0.0115726660252222 2539.90659399921
1367 0.0115758183389715 2540.59844689297
1368 0.0115811336073303 2541.76501344939
1369 0.0115820727810404 2541.97113825192
1370 0.0115924596583577 2544.25079430798
1371 0.0115951144010041 2544.83344296805
1372 0.0116115835680802 2548.44800731847
1373 0.0116223866153181 2550.81900211389
1374 0.0116326333946987 2553.06791022714
1375 0.0116326947425869 2553.08137453221
1376 0.0116374529493907 2554.12568020994
1377 0.0116469527879616 2556.21065376534
1378 0.0116557624264396 2558.14414591074
1379 0.0116651517010952 2560.20485349173
1380 0.011665954858439 2560.3811261526
1381 0.0116801901724205 2563.50541642162
1382 0.0116889654101142 2565.43135846762
1383 0.0116915993852545 2566.00944918697
1384 0.0116923137611819 2566.16623657932
1385 0.0117042904541731 2568.79481684218
1386 0.011704460342616 2568.83210304533
1387 0.0117223303586488 2572.75411820222
1388 0.0117225366485319 2572.79939359798
1389 0.0117357831107268 2575.70665598702
1390 0.0117362736419263 2575.81431514052
1391 0.0117371922739588 2576.01593156596
1392 0.011748643934821 2578.52928059659
1393 0.0117680069430374 2582.77896966057
1394 0.0117693923456152 2583.08303037874
1395 0.0117783778410193 2585.05511865791
1396 0.0117817567917036 2585.79671260914
1397 0.0117864011467861 2586.81603072245
1398 0.011811129324562 2592.24323839039
1399 0.0118170688840793 2593.54682101782
1400 0.0118236876092006 2594.99946326489
1401 0.0118239300670827 2595.05267661884
1402 0.0118296290764898 2596.30346459985
1403 0.0118436933377291 2599.39021313155
1404 0.0118476766097848 2600.26444029218
1405 0.0118561888334663 2602.13265743514
1406 0.011859880967503 2602.94298718677
1407 0.011868439239841 2604.82131084159
1408 0.0118815920493155 2607.70801883445
1409 0.0118816912961005 2607.72980098589
1410 0.0118925355536859 2610.10984040706
1411 0.0118971559573099 2611.12390178289
1412 0.0119136425226984 2614.7422846215
1413 0.0119186399143478 2615.83908530471
1414 0.0119273488740706 2617.75048101756
1415 0.0119287680615002 2618.06195665357
1416 0.011931770208468 2618.72085174853
1417 0.0119322333818266 2618.82250655003
1418 0.0119565385527459 2624.15687494464
1419 0.0119683720467688 2626.75402666693
1420 0.0119696134536989 2627.02648399359
1421 0.0119811325657741 2629.55463685423
1422 0.0119939000543526 2632.35677668601
1423 0.011993922704556 2632.36174783103
1424 0.0120062909205801 2635.07625746669
1425 0.0120091392858023 2635.70140136992
1426 0.0120103964423139 2635.97731533017
1427 0.012019105205518 2637.88866791214
1428 0.0120223873973891 2638.60902575863
1429 0.0120366955060387 2641.74929261052
1430 0.0120436183053205 2643.26867142145
1431 0.0120692307176935 2648.88994615041
1432 0.0120694876600612 2648.9463384815
1433 0.0120793236483328 2651.10508836809
1434 0.0120809118044154 2651.4536483367
1435 0.0120930479316578 2654.11722037286
1436 0.0121026917792947 2656.23380026474
1437 0.012103837258315 2656.48520384891
1438 0.0121134257638136 2658.58963754545
1439 0.0121172113093737 2659.42046875661
1440 0.0121213281311759 2660.32400669842
1441 0.0121231940327364 2660.73352475303
1442 0.0121365270599815 2663.65978597443
1443 0.0121525327680033 2667.1726328204
1444 0.0121549126455616 2667.69495556695
1445 0.0121720293981342 2671.45164850463
1446 0.0121724108695214 2671.53537179619
1447 0.0121812626949528 2673.47812290758
1448 0.012182030200985 2673.64657101001
1449 0.0121843502547903 2674.1557639605
1450 0.0121982494449221 2677.20628357199
1451 0.0122103948239555 2679.87188614154
1452 0.0122184043732553 2681.62977901058
1453 0.0122208482951962 2682.16615787431
1454 0.0122354051442677 2685.36101693825
1455 0.0122397704564372 2686.31909221148
1456 0.0122646524207316 2691.78005211867
1457 0.0122659076283861 2692.05553835421
1458 0.0122756115878003 2694.18531125619
1459 0.0122824065340796 2695.67662957671
1460 0.0122950314655573 2698.44748174154
1461 0.0122982656676408 2699.15730704718
1462 0.0122983057081285 2699.16609491838
1463 0.0123106616142713 2701.8779028474
1464 0.0123166404677348 2703.19010949913
1465 0.0123188256263113 2703.66969636918
1466 0.0123208559274448 2704.11529595925
1467 0.0123283953908137 2705.77001689255
1468 0.0123531542012718 2711.20394765707
1469 0.0123656362259123 2713.94343539669
1470 0.0123661088924793 2714.04717371661
1471 0.0123767383732638 2716.38007507888
1472 0.0123814749173525 2717.41962634022
1473 0.0123857581314932 2718.35968317897
1474 0.0123986244988551 2721.18352439517
1475 0.0124011776198403 2721.74386967872
1476 0.0124012272365227 2721.75475928174
1477 0.0124185404989311 2725.55458114293
1478 0.0124224273333794 2726.40764269534
1479 0.0124363509807597 2729.46353005238
1480 0.0124524709342185 2733.00145087336
1481 0.0124526594428615 2733.04282373802
1482 0.0124633840046758 2735.39659297413
1483 0.0124766758248472 2738.31381028828
1484 0.0124770506601079 2738.39607711844
1485 0.0124846564356038 2740.06535188125
1486 0.0124847326669884 2740.08208273619
1487 0.0124990470593721 2743.22372870829
1488 0.0125071273265167 2744.99714235015
1489 0.0125196733838445 2747.75068364013
1490 0.0125278151075446 2749.53758543677
1491 0.0125400942294831 2752.23254118093
1492 0.0125446210527441 2753.22606404122
1493 0.0125499852054084 2754.40335946249
1494 0.0125574381919063 2756.0391009165
1495 0.0125594411604383 2756.47870169397
1496 0.0125756465605511 2760.03537588772
1497 0.0125820128912413 2761.43262396041
1498 0.0125896255231022 2763.10340352142
1499 0.0125956893117934 2764.43425130082
1500 0.0125971161542984 2764.74740703167
1501 0.0125990514608442 2765.17215771974
1502 0.0126163959741648 2768.97883836331
1503 0.0126227812421493 2770.38024269165
1504 0.0126401263109222 2774.18704524291
1505 0.0126484037401622 2776.00373096271
1506 0.0126509162363144 2776.55516012609
1507 0.0126557804017764 2777.62272104112
1508 0.0126587147702647 2778.26674047937
1509 0.0126762467174932 2782.11455811053
1510 0.0126953209899766 2786.30087700635
1511 0.0126953814006096 2786.31413560766
1512 0.0127126833652821 2790.11147790244
1513 0.0127204442330311 2791.81479148014
1514 0.0127246643227313 2792.74099410564
1515 0.0127252563934161 2792.87093860014
1516 0.0127264686779225 2793.13700429364
1517 0.0127625177460573 2801.04886018435
1518 0.0127715469265397 2803.03053622994
1519 0.0127734996262635 2803.45910427932
1520 0.0127817349360462 2805.26654584682
1521 0.0127862757272879 2806.2631343245
1522 0.012797423608801 2808.70981149487
1523 0.0128058308242541 2810.55498199576
1524 0.012815855510711 2812.75514634677
1525 0.0128322799212574 2816.35988777439
1526 0.0128407631093536 2818.22173234303
1527 0.012844095413089 2818.9530884724
1528 0.0128472134156093 2819.63741092189
1529 0.0128575581418119 2821.90781587766
1530 0.0128587945847452 2822.17918373297
1531 0.0128770047251433 2826.17584755907
1532 0.012896685619487 2830.49530456322
1533 0.012913959646864 2834.28651533041
1534 0.0129145268817025 2834.41100898672
1535 0.0129165022905338 2834.84456110907
1536 0.0129201969260281 2835.65543986715
1537 0.0129204981766784 2835.72155674216
1538 0.0129281833460501 2837.40825644651
1539 0.0129283269181867 2837.43976688807
1540 0.0129439350812001 2840.86536269041
1541 0.0129467042799571 2841.47313156299
1542 0.0129539055143362 2843.0536198139
1543 0.0129577289218026 2843.89276075293
1544 0.0129620115575233 2844.83269064314
1545 0.0129731465875746 2847.2765472437
1546 0.0129914953591592 2851.30363709818
1547 0.0130021362571028 2853.63904423723
1548 0.013002463747107 2853.71091998473
1549 0.0130155733095402 2856.58813634922
1550 0.0130251055479287 2858.6802208426
1551 0.0130356729130379 2860.99948939002
1552 0.0130390539674577 2861.74154505781
1553 0.0130390770056971 2861.74660136688
1554 0.0130694086687037 2868.40363188254
1555 0.0130724769476773 2869.07704127499
1556 0.0130729049534446 2869.17097768243
1557 0.0130879840647611 2872.48046005934
1558 0.0130957348964694 2874.18157098071
1559 0.0131048776839934 2876.18818088972
1560 0.0131087765253725 2877.04387765881
1561 0.0131346378890866 2882.71979089127
1562 0.0131488307866199 2885.83477182602
1563 0.0131491716203436 2885.90957618142
1564 0.0131645363485065 2889.28174421001
1565 0.0131831372507412 2893.36417034565
1566 0.013184614111644 2893.68830384585
1567 0.0131846357877353 2893.69306119796
1568 0.0131891786718563 2894.69010900955
1569 0.013191341642576 2895.16482620796
1570 0.0132029433979583 2897.71111717784
1571 0.0132303306488404 2903.72192393191
1572 0.0132303500235046 2903.72617617917
1573 0.0132434563831214 2906.60268960671
1574 0.0132663706577235 2911.63179154673
1575 0.0132676066346423 2911.90305712367
1576 0.0132709634418409 2912.63979114155
1577 0.013272616784693 2913.00265795229
1578 0.0132843751907766 2915.58332977687
1579 0.0132900143812762 2916.82098902527
1580 0.0133081945986058 2920.811085497
1581 0.0133205699895909 2923.52716985458
1582 0.0133225351592145 2923.95847473059
1583 0.0133270741718917 2924.95467285848
1584 0.0133350942326014 2926.71487271534
1585 0.0133479255605989 2929.53102367999
1586 0.0133480754681422 2929.56392458259
1587 0.013352191490989 2930.46728717396
1588 0.0133701498508026 2934.40869154945
1589 0.013375662039168 2935.61847705145
1590 0.0133777302692724 2936.07240108837
1591 0.0133939681365584 2939.63620100295
1592 0.0134038349779942 2941.80172237634
1593 0.0134042579174003 2941.894546846
1594 0.0134156827703338 2944.40201221638
1595 0.0134231490515606 2946.04067152611
1596 0.0134381299115313 2949.32859022526
1597 0.0134438899496548 2950.59277246121
1598 0.0134455032358391 2950.94684784959
1599 0.0134572841382703 2953.53245705174
1600 0.0134614989872585 2954.45750947393
1601 0.0134722044740043 2956.80709221643
1602 0.0134731056797288 2957.00488400939
1603 0.0134903560433075 2960.79090117318
1604 0.0135130909764547 2965.78064221374
1605 0.0135133143353725 2965.82966382957
1606 0.0135174642725625 2966.74046975888
1607 0.0135309300399018 2969.69586406334
1608 0.0135404562036062 2971.78661531769
1609 0.0135418498338561 2972.09248180113
1610 0.0135546394536806 2974.89947887995
1611 0.0135567943297524 2975.3724195085
1612 0.0135598397841563 2976.04081948699
1613 0.0135758400562156 2979.5524732771
1614 0.013589699184264 2982.59420027765
1615 0.0136146417290749 2988.06845607128
1616 0.013614977861847 2988.14222868706
1617 0.0136265327202195 2990.67822695307
1618 0.0136488157961875 2995.56879680641
1619 0.0136562224157493 2997.19436189428
1620 0.0136612819014221 2998.30479064032
1621 0.0136637098464713 2998.83766298165
1622 0.0136839803350605 3003.28652096467
1623 0.0136925534988396 3005.16811291304
1624 0.0137008174510383 3006.98184076417
1625 0.0137008466278237 3006.98824432836
1626 0.013705235902267 3007.95157871276
1627 0.0137185882516784 3010.88208065946
1628 0.0137255135119238 3012.40199958948
1629 0.0137385892653762 3015.27179574041
1630 0.0137459490486923 3016.8870814606
1631 0.0137553897753091 3018.95908144176
1632 0.013762624279885 3020.54687165679
1633 0.0137675540051186 3021.62882127841
1634 0.013778059786177 3023.93457368908
1635 0.01378601777316 3025.68114993771
1636 0.0137876611224532 3026.04182341581
1637 0.0137902733191313 3026.61513431522
1638 0.0137975922027647 3028.22144359267
1639 0.0138229578117808 3033.7885512462
1640 0.0138422561725046 3038.02405182566
1641 0.0138489224989686 3039.48714135981
1642 0.0138496885395235 3039.65526782717
1643 0.0138699340628192 3044.09864656165
1644 0.0138836731358671 3047.11402453538
1645 0.0138861543756273 3047.65859371369
1646 0.0138876374381503 3047.9840883122
1647 0.0138884779355335 3048.16855616437
1648 0.013893122684425 3049.18796070878
1649 0.0138947341760108 3049.54164222833
1650 0.0139235356945425 3055.86284485151
1651 0.0139369567120602 3058.80841770542
1652 0.0139394423547038 3059.35395320494
1653 0.0139526704334578 3062.25718089509
1654 0.0139577841783382 3063.37951816064
1655 0.0139704929569072 3066.1687726348
1656 0.0140007465199187 3072.80866218295
1657 0.0140134835475377 3075.60411660692
1658 0.0140157577706996 3076.10325089392
1659 0.0140195352840755 3076.93231924442
1660 0.014024949802682 3078.1206687122
1661 0.0140395817938552 3081.33201956111
1662 0.0140451256714392 3082.54876004262
1663 0.0140481117503322 3083.20412860281
1664 0.0140682675856092 3087.62782309256
1665 0.0140750233540166 3089.11054286416
1666 0.0140751116649338 3089.12992487004
1667 0.014081003830138 3090.42310564812
1668 0.0140929634853347 3093.04794654735
1669 0.0141086092584848 3096.48179682052
1670 0.0141099174553273 3096.76891283849
1671 0.0141242520105979 3099.91498405274
1672 0.0141425580823077 3103.932702368
1673 0.0141496333403607 3105.48554201133
1674 0.0141578847378119 3107.29651441392
1675 0.0141767987493096 3111.44766008918
1676 0.0141923677976496 3114.86467121306
1677 0.014195900873676 3115.64009176672
1678 0.01419697834017 3115.87656832683
1679 0.0142124492993921 3119.27205137784
1680 0.0142402177901717 3125.36653061735
1681 0.0142523598130215 3128.03139658976
1682 0.0142594107970604 3129.57890870284
1683 0.0142678732817887 3131.43620940746
1684 0.0142754861520355 3133.10704128811
1685 0.0142839202719512 3134.95811663599
1686 0.0142849660181477 3135.18763139553
1687 0.0142862197613645 3135.46279622416
1688 0.0142949419883487 3137.37710376429
1689 0.0143012216062842 3138.75532058724
1690 0.014317558655785 3142.3408884817
1691 0.0143404315180944 3147.36090147412
1692 0.0143478167916748 3148.98178166062
1693 0.0143584319942066 3151.31154930866
1694 0.0143706858670957 3154.00096352706
1695 0.0143843541593398 3157.00080691006
1696 0.0144007337809601 3160.59571830471
1697 0.0144119372491167 3163.05459533311
1698 0.0144187004411129 3164.53894439409
1699 0.0144200016616069 3164.82452928055
1700 0.0144283967536298 3166.66703899611
1701 0.0144319049358896 3167.43699599954
1702 0.0144417366679273 3169.59481175077
1703 0.0144572131218708 3172.99150075374
1704 0.0144596543120297 3173.52728006062
1705 0.0144801164924285 3178.01820953264
1706 0.0144910492331448 3180.41766875624
1707 0.0144959179810141 3181.48623539341
1708 0.0144959325413803 3181.48943102439
1709 0.0145156553536731 3185.81808795492
1710 0.0145380157780423 3190.72563381999
1711 0.014540762642255 3191.32850082674
1712 0.0145623421043364 3196.06464528265
1713 0.0145628036651045 3196.16594616145
1714 0.0145727018418166 3198.33834483303
1715 0.0145793163010793 3199.79005083235
1716 0.0145915981229958 3202.48559915321
1717 0.0146047591019456 3205.37410013864
1718 0.0146211584663946 3208.97334458331
1719 0.0146285920800396 3210.60483418761
1720 0.0146294757347152 3210.79877397059
1721 0.0146489192761054 3215.06613802309
1722 0.0146542518528405 3216.23650332898
1723 0.0146709223923215 3219.89526381347
1724 0.014677145562161 3221.26109171142
1725 0.0146804960073166 3221.99642942228
1726 0.014709585864366 3228.38091503496
1727 0.0147096467202143 3228.39427134974
1728 0.0147310891235413 3233.10033488626
1729 0.0147595196869802 3239.3401222777
1730 0.0147620034007586 3239.88523444023
1731 0.0147773327960173 3243.24964779276
1732 0.0147943000381605 3246.97352698427
1733 0.01480101527143 3248.44735032145
1734 0.0148042645709029 3249.16048912102
1735 0.0148281728606725 3254.40775217213
1736 0.0148287544619426 3254.53539889571
1737 0.0148523637300447 3259.71703427699
1738 0.0148565521473118 3260.63628560696
1739 0.01485709594389 3260.75563515976
1740 0.0148610238362791 3261.61770788854
1741 0.0148631703322584 3262.08880929939
1742 0.0148762212921526 3264.95316389332
1743 0.0148834894628573 3266.5483429695
1744 0.0149105472830137 3272.48684803694
1745 0.0149111960488722 3272.62923568369
1746 0.0149431825820417 3279.64946821605
1747 0.0149439394441543 3279.81558024818
1748 0.0149513560078813 3281.44332782803
1749 0.0149756152175206 3286.7676088877
1750 0.0149783807748716 3287.37457856405
1751 0.0149947609509347 3290.96961164484
1752 0.0149989643330595 3291.89214738144
1753 0.0150007619236656 3292.2866729146
1754 0.0150288734823241 3298.4564468499
1755 0.0150561495696756 3304.4428560292
1756 0.0150669713966948 3306.81797251017
1757 0.0150707466234717 3307.64653901019
1758 0.0151070445961798 3315.61302314006
1759 0.0151081462234671 3315.85480238134
1760 0.0151101799341913 3316.30115029006
1761 0.0151217983059593 3318.85108813505
1762 0.0151368511917641 3322.15481467748
1763 0.0151405320096242 3322.96266081543
1764 0.0151747670401458 3330.47638147218
1765 0.0152085005245228 3337.88002547445
1766 0.0152096377671787 3338.12962138558
1767 0.0152149361137998 3339.29247404985
1768 0.0152275801429181 3342.0675176623
1769 0.0152300612060886 3342.61204808365
1770 0.0152393746982383 3344.65612332721
1771 0.0152400848583629 3344.8119854578
1772 0.0152511844525176 3347.24806477805
1773 0.0152543603702016 3347.94509813666
1774 0.0152890620681077 3355.56124044498
1775 0.0152978483210777 3357.48960006466
1776 0.0153289138690339 3364.30769970809
1777 0.0153334068841612 3365.29380254074
1778 0.0153512817705854 3369.21688662499
1779 0.0153522561612384 3369.43074065302
1780 0.0153676651507981 3372.8126229353
1781 0.0153762122857294 3374.68850221192
1782 0.0153781272595378 3375.10879037996
1783 0.0153907028826573 3377.86882061115
1784 0.0154116127877522 3382.45801429519
1785 0.0154130224730249 3382.76740444883
1786 0.015449268647538 3390.722520189
1787 0.0154495290322303 3390.77966802301
1788 0.0154740037628892 3396.15125047871
1789 0.0154750748543749 3396.38632788623
1790 0.0154858371517985 3398.74837913122
1791 0.0154859555432332 3398.77436304757
1792 0.015504623956104 3402.87160605507
1793 0.0155118777859909 3404.46363768557
1794 0.0155336199447558 3409.2354899359
1795 0.0155347143657999 3409.47568758962
1796 0.0155443135778557 3411.58247110386
1797 0.0155443324165485 3411.58660571899
1798 0.0155536511124728 3413.63182305905
1799 0.0155539930420285 3413.70686792177
1800 0.0156152475396511 3427.15067612332
1801 0.0156154080207855 3427.18589766093
1802 0.0156310138182449 3430.61097428419
1803 0.0156325997467322 3430.95904535215
1804 0.0156730852535293 3439.8445869768
1805 0.0156733330332592 3439.89896834135
1806 0.0156779568442289 3440.9137775431
1807 0.0156805519901793 3441.48334624037
1808 0.0156957046625875 3444.80897341068
1809 0.0156957354485897 3444.81573015712
1810 0.0157007123732399 3445.90803885325
1811 0.0157026907312094 3446.34223823661
1812 0.0157413235356134 3454.82115868905
1813 0.0157415424649409 3454.8692081222
1814 0.0157610015432676 3459.13998213809
1815 0.0157621752346462 3459.39757761915
1816 0.0157918682938375 3465.91445079872
1817 0.0157934157656748 3466.25408160763
1818 0.0158030592886313 3468.37059024042
1819 0.0158042403410688 3468.62980128714
1820 0.0158390991313696 3476.28042139067
1821 0.0158392243078079 3476.30789444314
1822 0.0158531021321727 3479.35372481081
1823 0.0158532798020813 3479.39271884826
1824 0.0158619698528466 3481.29996452466
1825 0.0158619729279916 3481.30063944096
1826 0.0158713466044502 3483.35792361346
1827 0.0158713639677037 3483.3617344071
1828 0.0159057618731757 3490.91120198335
1829 0.0159057948789096 3490.91844590457
1830 0.0159512793013092 3500.90112268149
1831 0.0159513081633908 3500.90745717617
1832 0.0159805892667417 3507.33391650011
1833 0.0159812436045485 3507.47752704815
1834 0.0159971137644629 3510.96062452341
1835 0.0159974021928507 3511.0239272371
1836 0.0160176437516126 3515.46643585699
1837 0.016017709954768 3515.48096577003
1838 0.016032582524886 3518.74511759381
1839 0.0160327142369004 3518.77402503946
1840 0.0160796540785698 3529.07612942209
1841 0.0160797245737063 3529.09160131609
1842 0.0161118631518996 3536.1452038738
1843 0.0161119737744737 3536.16948272233
1844 0.0161281236366842 3539.71396775551
1845 0.0161283630605789 3539.76651522622
1846 0.0161326584198483 3540.70923761258
1847 0.0161327096491898 3540.72048115336
1848 0.0161753870036058 3550.0870777232
1849 0.0161754084055045 3550.09177489698
1850 0.0162025054657995 3556.03889217933
1851 0.0162025153005844 3556.0410506651
1852 0.0162668456340371 3570.15992679742
1853 0.016266907992595 3570.17361291883
1854 0.0162956397821627 3576.47951180343
1855 0.0162956627546778 3576.4845536877
1856 0.0163348238578815 3585.07942232371
1857 0.0163348277581329 3585.08027832994
1858 0.0163612255822705 3590.87393101535
1859 0.0163612354388614 3590.87609428699
1860 0.0163771851191029 3594.37664445661
1861 0.0163772813525582 3594.39776525861
1862 0.0164130360825758 3602.24502139997
1863 0.0164130591045969 3602.25007414954
1864 0.0164782789451658 3616.56417452705
1865 0.0164782899440571 3616.56658850465
1866 0.0165084949769817 3623.19582692993
1867 0.016508504627825 3623.19794504519
1868 0.0165481659676093 3631.90260291965
1869 0.01654817067168 3631.90363534381
1870 0.0165925443523278 3641.64253248573
1871 0.0165925492904822 3641.64361628535
1872 0.0166114554790431 3645.79304502445
1873 0.0166114728827304 3645.79686469229
1874 0.0166566325340424 3655.70826245491
1875 0.0166566436398887 3655.71069990643
1876 0.0167418735506385 3674.41650303317
1877 0.0167419002074658 3674.42235353047
1878 0.0167711414969444 3680.84007471951
1879 0.0167711506628457 3680.84208640232
1880 0.0167820665854947 3683.23785448681
1881 0.0167820772141985 3683.24018721765
1882 0.0168153030175946 3690.53240812447
1883 0.0168153078555544 3690.53346993389
1884 0.0168767036561095 3704.00829054428
1885 0.0168767151179657 3704.01080613094
1886 0.0168882391119112 3706.54003043825
1887 0.0168882404631576 3706.54032700254
1888 0.0169625678952185 3722.85331265296
1889 0.0169625714598946 3722.85409500892
1890 0.0169701950912239 3724.52728867417
1891 0.01697021165401 3724.53092378554
1892 0.0170092855807922 3733.1066594087
1893 0.0170092913281483 3733.10792080755
1894 0.0170392409023271 3739.68109251911
1895 0.0170392446984029 3739.68192566144
1896 0.0170657625528926 3745.50192196395
1897 0.0170657708687156 3745.50374707613
1898 0.0171354985308094 3760.80719991494
1899 0.0171355094057286 3760.8095866838
1900 0.0171683059407749 3768.00759407837
1901 0.017168319748164 3768.01062445
1902 0.0171739202979918 3769.23980305125
1903 0.0171739316963507 3769.24230470185
1904 0.0172096721345621 3777.08642415434
1905 0.0172096808054846 3777.08832720183
1906 0.0172353362140677 3782.71903850811
1907 0.0172353444797651 3782.72085261899
1908 0.017310968578501 3799.31842370814
1909 0.0173109755479182 3799.3199533184
1910 0.0173576141621403 3809.55594591851
1911 0.0173576231794963 3809.55792499938
1912 0.0174021400846184 3819.32825627979
1913 0.0174021511685665 3819.33068892521
1914 0.0174410516015402 3827.86834705895
1915 0.0174410594736027 3827.87007477696
1916 0.0175101359975255 3843.03061930658
1917 0.0175101456270888 3843.03273275143
1918 0.017538474187394 3849.25013304284
1919 0.0175384808527773 3849.25159592538
1920 0.0176629376274183 3876.5667004907
1921 0.0176629485230363 3876.56909180245
1922 0.0177334324440776 3892.03852429393
1923 0.0177334512160216 3892.04264425939
1924 0.017810740369101 3909.00565253451
1925 0.0178107485562099 3909.00744939721
1926 0.0178932741969341 3927.11973386066
1927 0.0178932871911176 3927.12258575428
1928 0.0181599041398838 3985.63824193647
1929 0.0181599138841007 3985.64038054486
1930 0.0182508716617874 4005.60330514827
1931 0.0182509002760256 4005.60958524762
1932 0.0184035215668231 4039.10608657553
1933 0.0184036090635789 4039.12528989363
1934 0.0193772693091281 4252.81901203124
1935 0.0193773125803323 4252.82850896279
1936 0.0200156057134139 4392.9176581774
1937 0.0200156370019321 4392.92452521336
1938 0.0214963479960151 4717.90302277666
1939 0.0214964256635329 4717.92006882639
1940 0.0240722540751863 5283.24905641751
1941 0.0240723020271153 5283.25958064937
