#Z (Angstrom)  remove this line before running code
2.3000617
2.30270453
2.30534736
2.30799019
2.31063302
2.31327585
2.31591868
2.31856151
2.321204339
2.323847169
2.326489999
2.329132829
2.331775659
2.334418489
2.337061319
2.339704149
2.342346979
2.344989809
2.347632639
2.350275469
2.352918299
2.355561129
2.358203958
2.360846788
2.363489618
2.366132448
2.368775278
2.371418108
2.374060938
2.376703768
2.379346598
2.381989428
2.384632258
2.387275088
2.389917918
2.392560748
2.395203577
2.397846407
2.400489237
2.403132067
2.405774897
2.408417727
2.411060557
2.413703387
2.416346217
2.418989047
2.421631877
2.424274707
2.426917537
2.429560367
2.432203196
2.434846026
2.437488856
2.440131686
2.442774516
2.445417346
2.448060176
2.450703006
2.453345836
2.455988666
2.458631496
2.461274326
2.463917156
2.466559985
2.469202815
2.471845645
2.474488475
2.477131305
2.479774135
2.482416965
2.485059795
2.487702625
2.490345455
2.492988285
2.495631115
2.498273945
2.500916775
2.503559604
2.506202434
2.508845264
2.511488094
2.514130924
2.516773754
2.519416584
2.522059414
2.524702244
2.527345074
2.529987904
2.532630734
2.535273564
2.537916394
2.540559223
2.543202053
2.545844883
2.548487713
2.551130543
2.553773373
2.556416203
2.559059033
2.561701863
2.564344693
2.566987523
2.569630353
2.572273183
2.574916013
2.577558843
2.580201672
2.582844502
2.585487332
2.588130162
2.590772992
2.593415822
2.596058652
2.598701482
2.601344312
2.603987142
2.606629972
2.609272802
2.611915632
2.614558462
2.617201291
2.619844121
2.622486951
2.625129781
2.627772611
2.630415441
2.633058271
2.635701101
2.638343931
2.640986761
2.643629591
2.646272421
2.648915251
2.651558081
2.65420091
2.65684374
2.65948657
2.6621294
2.66477223
2.66741506
2.67005789
2.67270072
2.67534355
2.67798638
2.68062921
2.68327204
2.68591487
2.6885577
2.691200529
2.693843359
2.696486189
2.699129019
2.701771849
2.704414679
2.707057509
2.709700339
2.712343169
2.714985999
2.717628829
2.720271659
2.722914489
2.725557318
2.728200148
2.730842978
2.733485808
2.736128638
2.738771468
2.741414298
2.744057128
2.746699958
2.749342788
2.751985618
2.754628448
2.757271278
2.759914108
2.762556937
2.765199767
2.767842597
2.770485427
2.773128257
2.775771087
2.778413917
2.781056747
2.783699577
2.786342407
2.788985237
2.791628067
2.794270897
2.796913727
2.799556556
2.802199386
2.804842216
2.807485046
2.810127876
2.812770706
2.815413536
2.818056366
2.820699196
2.823342026
2.825984856
2.828627686
2.831270516
2.833913346
2.836556176
2.839199005
2.841841835
2.844484665
2.847127495
2.849770325
2.852413155
2.855055985
2.857698815
2.860341645
2.862984475
2.865627305
2.868270135
2.870912965
2.873555795
2.876198624
2.878841454
2.881484284
2.884127114
2.886769944
2.889412774
2.892055604
2.894698434
2.897341264
2.899984094
2.902626924
2.905269754
2.907912584
2.910555414
2.913198243
2.915841073
2.918483903
2.921126733
2.923769563
2.926412393
2.929055223
2.931698053
2.934340883
2.936983713
2.939626543
2.942269373
2.944912203
2.947555032
2.950197862
2.952840692
2.955483522
2.958126352
2.960769182
2.963412012
2.966054842
2.968697672
2.971340502
2.973983332
2.976626162
2.979268992
2.981911822
2.984554651
2.987197481
2.989840311
2.992483141
2.995125971
2.997768801
3.000411631
3.003054461
3.005697291
3.008340121
3.010982951
3.013625781
3.016268611
3.018911441
3.021554271
3.0241971
3.02683993
3.02948276
3.03212559
3.03476842
3.03741125
3.04005408
3.04269691
3.04533974
3.04798257
3.0506254
3.05326823
3.05591106
3.058553889
3.061196719
3.063839549
3.066482379
3.069125209
3.071768039
3.074410869
3.077053699
3.079696529
3.082339359
3.084982189
3.087625019
3.090267849
3.092910679
3.095553509
3.098196338
3.100839168
3.103481998
3.106124828
3.108767658
3.111410488
3.114053318
3.116696148
3.119338978
3.121981808
3.124624638
3.127267468
3.129910298
3.132553128
3.135195957
3.137838787
3.140481617
3.143124447
3.145767277
3.148410107
3.151052937
3.153695767
3.156338597
3.158981427
3.161624257
3.164267087
3.166909917
3.169552746
3.172195576
3.174838406
3.177481236
3.180124066
3.182766896
3.185409726
3.188052556
3.190695386
3.193338216
3.195981046
3.198623876
3.201266706
3.203909536
3.206552365
3.209195195
3.211838025
3.214480855
3.217123685
3.219766515
3.222409345
3.225052175
3.227695005
3.230337835
3.232980665
3.235623495
3.238266325
3.240909155
3.243551984
3.246194814
3.248837644
3.251480474
3.254123304
3.256766134
3.259408964
3.262051794
3.264694624
3.267337454
3.269980284
3.272623114
3.275265944
3.277908774
3.280551604
3.283194433
3.285837263
3.288480093
3.291122923
3.293765753
3.296408583
3.299051413
3.301694243
3.304337073
3.306979903
3.309622733
3.312265563
3.314908393
3.317551222
3.320194052
3.322836882
3.325479712
3.328122542
3.330765372
3.333408202
3.336051032
3.338693862
3.341336692
3.343979522
3.346622352
3.349265182
3.351908012
3.354550842
3.357193671
3.359836501
3.362479331
3.365122161
3.367764991
3.370407821
3.373050651
3.375693481
3.378336311
3.380979141
3.383621971
3.386264801
3.388907631
3.39155046
3.39419329
3.39683612
3.39947895
3.40212178
3.40476461
3.40740744
3.41005027
3.4126931
3.41533593
3.41797876
3.42062159
3.42326442
3.42590725
3.428550079
3.431192909
3.433835739
3.436478569
3.439121399
3.441764229
3.444407059
3.447049889
3.449692719
3.452335549
3.454978379
3.457621209
3.460264039
3.462906869
3.465549699
3.468192528
3.470835358
3.473478188
3.476121018
3.478763848
3.481406678
3.484049508
3.486692338
3.489335168
3.491977998
3.494620828
3.497263658
3.499906488
3.502549317
3.505192147
3.507834977
3.510477807
3.513120637
3.515763467
3.518406297
3.521049127
3.523691957
3.526334787
3.528977617
3.531620447
3.534263277
3.536906107
3.539548937
3.542191766
3.544834596
3.547477426
3.550120256
3.552763086
3.555405916
3.558048746
3.560691576
3.563334406
3.565977236
3.568620066
3.571262896
3.573905726
3.576548556
3.579191385
3.581834215
3.584477045
3.587119875
3.589762705
3.592405535
3.595048365
3.597691195
3.600334025
3.602976855
3.605619685
3.608262515
3.610905345
3.613548174
3.616191004
3.618833834
3.621476664
3.624119494
3.626762324
3.629405154
3.632047984
3.634690814
3.637333644
3.639976474
3.642619304
3.645262134
3.647904964
3.650547793
3.653190623
3.655833453
3.658476283
3.661119113
3.663761943
3.666404773
3.669047603
3.671690433
3.674333263
3.676976093
3.679618923
3.682261753
3.684904583
3.687547412
3.690190242
3.692833072
3.695475902
3.698118732
3.700761562
3.703404392
3.706047222
3.708690052
3.711332882
3.713975712
3.716618542
3.719261372
3.721904202
3.724547032
3.727189861
3.729832691
3.732475521
3.735118351
3.737761181
3.740404011
3.743046841
3.745689671
3.748332501
3.750975331
3.753618161
3.756260991
3.758903821
3.76154665
3.76418948
3.76683231
3.76947514
3.77211797
3.7747608
3.77740363
3.78004646
3.78268929
3.78533212
3.78797495
3.79061778
3.79326061
3.79590344
3.79854627
3.801189099
3.803831929
3.806474759
3.809117589
3.811760419
3.814403249
3.817046079
3.819688909
3.822331739
3.824974569
3.827617399
3.830260229
3.832903059
3.835545889
3.838188718
3.840831548
3.843474378
3.846117208
3.848760038
3.851402868
3.854045698
3.856688528
3.859331358
3.861974188
3.864617018
3.867259848
3.869902678
3.872545507
3.875188337
3.877831167
3.880473997
3.883116827
3.885759657
3.888402487
3.891045317
3.893688147
3.896330977
3.898973807
3.901616637
3.904259467
3.906902297
3.909545126
3.912187956
3.914830786
3.917473616
3.920116446
3.922759276
3.925402106
3.928044936
3.930687766
3.933330596
3.935973426
3.938616256
3.941259086
3.943901916
3.946544745
3.949187575
3.951830405
3.954473235
3.957116065
3.959758895
3.962401725
3.965044555
3.967687385
3.970330215
3.972973045
3.975615875
3.978258705
3.980901535
3.983544365
3.986187194
3.988830024
3.991472854
3.994115684
3.996758514
3.999401344
4.002044174
4.004687004
4.007329834
4.009972664
4.012615494
4.015258324
4.017901154
4.020543983
4.023186813
4.025829643
4.028472473
4.031115303
4.033758133
4.036400963
4.039043793
4.041686623
4.044329453
4.046972283
4.049615113
4.052257943
4.054900773
4.057543603
4.060186432
4.062829262
4.065472092
4.068114922
4.070757752
4.073400582
4.076043412
4.078686242
4.081329072
4.083971902
4.086614732
4.089257562
4.091900392
4.094543222
4.097186051
4.099828881
4.102471711
4.105114541
4.107757371
4.110400201
4.113043031
4.115685861
4.118328691
4.120971521
4.123614351
4.126257181
4.128900011
4.13154284
4.13418567
4.1368285
4.13947133
4.14211416
4.14475699
4.14739982
4.15004265
4.15268548
4.15532831
4.15797114
4.16061397
4.1632568
4.16589963
4.168542459
4.171185289
4.173828119
4.176470949
4.179113779
4.181756609
4.184399439
4.187042269
4.189685099
4.192327929
4.194970759
4.197613589
4.200256419
4.202899249
4.205542078
4.208184908
4.210827738
4.213470568
4.216113398
4.218756228
4.221399058
4.224041888
4.226684718
4.229327548
4.231970378
4.234613208
4.237256038
4.239898868
4.242541698
4.245184527
4.247827357
4.250470187
4.253113017
4.255755847
4.258398677
4.261041507
4.263684337
4.266327167
4.268969997
4.271612827
4.274255657
4.276898487
4.279541316
4.282184146
4.284826976
4.287469806
4.290112636
4.292755466
4.295398296
4.298041126
4.300683956
4.303326786
4.305969616
4.308612446
4.311255276
4.313898106
4.316540935
4.319183765
4.321826595
4.324469425
4.327112255
4.329755085
4.332397915
4.335040745
4.337683575
4.340326405
4.342969235
4.345612065
4.348254895
4.350897725
4.353540555
4.356183384
4.358826214
4.361469044
4.364111874
4.366754704
4.369397534
4.372040364
4.374683194
4.377326024
4.379968854
4.382611684
4.385254514
4.387897344
4.390540173
4.393183003
4.395825833
4.398468663
4.401111493
4.403754323
4.406397153
4.409039983
4.411682813
4.414325643
4.416968473
4.419611303
4.422254133
4.424896963
4.427539792
4.430182622
4.432825452
4.435468282
4.438111112
4.440753942
4.443396772
4.446039602
4.448682432
4.451325262
4.453968092
4.456610922
4.459253752
4.461896582
4.464539411
4.467182241
4.469825071
4.472467901
4.475110731
4.477753561
4.480396391
4.483039221
4.485682051
4.488324881
4.490967711
4.493610541
4.496253371
4.498896201
4.501539031
4.50418186
4.50682469
4.50946752
4.51211035
4.51475318
4.51739601
4.52003884
4.52268167
4.5253245
4.52796733
4.53061016
4.53325299
4.53589582
4.538538649
4.541181479
4.543824309
4.546467139
4.549109969
4.551752799
4.554395629
4.557038459
4.559681289
4.562324119
4.564966949
4.567609779
4.570252609
4.572895439
4.575538268
4.578181098
4.580823928
4.583466758
4.586109588
4.588752418
4.591395248
4.594038078
4.596680908
4.599323738
4.601966568
4.604609398
4.607252228
4.609895058
4.612537888
4.615180717
4.617823547
4.620466377
4.623109207
4.625752037
4.628394867
4.631037697
4.633680527
4.636323357
4.638966187
4.641609017
4.644251847
4.646894677
4.649537506
4.652180336
4.654823166
4.657465996
4.660108826
4.662751656
4.665394486
4.668037316
4.670680146
4.673322976
4.675965806
4.678608636
4.681251466
4.683894296
4.686537125
4.689179955
4.691822785
4.694465615
4.697108445
4.699751275
4.702394105
4.705036935
4.707679765
4.710322595
4.712965425
4.715608255
4.718251085
4.720893915
4.723536744
4.726179574
4.728822404
4.731465234
4.734108064
4.736750894
4.739393724
4.742036554
4.744679384
4.747322214
4.749965044
4.752607874
4.755250704
4.757893534
4.760536363
4.763179193
4.765822023
4.768464853
4.771107683
4.773750513
4.776393343
4.779036173
4.781679003
4.784321833
4.786964663
4.789607493
4.792250323
4.794893153
4.797535982
4.800178812
4.802821642
4.805464472
4.808107302
4.810750132
4.813392962
4.816035792
4.818678622
4.821321452
4.823964282
4.826607112
4.829249942
4.831892772
4.834535601
4.837178431
4.839821261
4.842464091
4.845106921
4.847749751
4.850392581
4.853035411
4.855678241
4.858321071
4.860963901
4.863606731
4.866249561
4.868892391
4.871535221
4.87417805
4.87682088
4.87946371
4.88210654
4.88474937
4.8873922
4.89003503
4.89267786
4.89532069
4.89796352
4.90060635
4.90324918
4.90589201
4.908534839
4.911177669
4.913820499
4.916463329
4.919106159
4.921748989
4.924391819
4.927034649
4.929677479
4.932320309
4.934963139
4.937605969
4.940248799
4.942891629
4.945534458
4.948177288
4.950820118
4.953462948
4.956105778
4.958748608
4.961391438
4.964034268
4.966677098
4.969319928
4.971962758
4.974605588
4.977248418
4.979891248
4.982534078
4.985176907
4.987819737
4.990462567
4.993105397
4.995748227
4.998391057
5.001033887
5.003676717
5.006319547
5.008962377
5.011605207
5.014248037
5.016890867
5.019533696
5.022176526
5.024819356
5.027462186
5.030105016
5.032747846
5.035390676
5.038033506
5.040676336
5.043319166
5.045961996
5.048604826
5.051247656
5.053890486
5.056533315
5.059176145
5.061818975
5.064461805
5.067104635
5.069747465
5.072390295
5.075033125
5.077675955
5.080318785
5.082961615
5.085604445
5.088247275
5.090890105
5.093532934
5.096175764
5.098818594
5.101461424
5.104104254
5.106747084
5.109389914
5.112032744
5.114675574
5.117318404
5.119961234
5.122604064
5.125246894
5.127889724
5.130532554
5.133175383
5.135818213
5.138461043
5.141103873
5.143746703
5.146389533
5.149032363
5.151675193
5.154318023
5.156960853
5.159603683
5.162246513
5.164889343
5.167532172
5.170175002
5.172817832
5.175460662
5.178103492
5.180746322
5.183389152
5.186031982
5.188674812
5.191317642
5.193960472
5.196603302
5.199246132
5.201888962
5.204531791
5.207174621
5.209817451
5.212460281
5.215103111
5.217745941
5.220388771
5.223031601
5.225674431
5.228317261
5.230960091
5.233602921
5.236245751
5.238888581
5.241531411
5.24417424
5.24681707
5.2494599
5.25210273
5.25474556
5.25738839
5.26003122
5.26267405
5.26531688
5.26795971
5.27060254
5.27324537
5.2758882
5.278531029
5.281173859
5.283816689
5.286459519
5.289102349
5.291745179
5.294388009
5.297030839
5.299673669
5.302316499
5.304959329
5.307602159
5.310244989
5.312887819
5.315530648
5.318173478
5.320816308
5.323459138
5.326101968
5.328744798
5.331387628
5.334030458
5.336673288
5.339316118
5.341958948
5.344601778
5.347244608
5.349887438
5.352530267
5.355173097
5.357815927
5.360458757
5.363101587
5.365744417
5.368387247
5.371030077
5.373672907
5.376315737
5.378958567
5.381601397
5.384244227
5.386887057
5.389529887
5.392172716
5.394815546
5.397458376
5.400101206
5.402744036
5.405386866
5.408029696
5.410672526
5.413315356
5.415958186
5.418601016
5.421243846
5.423886676
5.426529505
5.429172335
5.431815165
5.434457995
5.437100825
5.439743655
5.442386485
5.445029315
5.447672145
5.450314975
5.452957805
5.455600635
5.458243465
5.460886295
5.463529124
5.466171954
5.468814784
5.471457614
5.474100444
5.476743274
5.479386104
5.482028934
5.484671764
5.487314594
5.489957424
5.492600254
5.495243084
5.497885914
5.500528744
5.503171573
5.505814403
5.508457233
5.511100063
5.513742893
5.516385723
5.519028553
5.521671383
5.524314213
5.526957043
5.529599873
5.532242703
5.534885533
5.537528362
5.540171192
5.542814022
5.545456852
5.548099682
5.550742512
5.553385342
5.556028172
5.558671002
5.561313832
5.563956662
5.566599492
5.569242322
5.571885152
5.574527981
5.577170811
5.579813641
5.582456471
5.585099301
5.587742131
5.590384961
5.593027791
5.595670621
5.598313451
5.600956281
5.603599111
5.606241941
5.608884771
5.6115276
5.61417043
5.61681326
5.61945609
5.62209892
5.62474175
5.62738458
5.63002741
5.63267024
5.63531307
5.6379559
5.64059873
5.64324156
5.64588439
5.64852722
5.651170049
5.653812879
5.656455709
5.659098539
5.661741369
5.664384199
5.667027029
5.669669859
5.672312689
5.674955519
5.677598349
5.680241179
5.682884009
5.685526838
5.688169668
5.690812498
5.693455328
5.696098158
5.698740988
5.701383818
5.704026648
5.706669478
5.709312308
5.711955138
5.714597968
5.717240798
5.719883628
5.722526457
5.725169287
5.727812117
5.730454947
5.733097777
5.735740607
5.738383437
5.741026267
5.743669097
5.746311927
5.748954757
5.751597587
5.754240417
5.756883247
5.759526077
5.762168906
5.764811736
5.767454566
5.770097396
5.772740226
5.775383056
5.778025886
5.780668716
5.783311546
5.785954376
5.788597206
5.791240036
5.793882866
5.796525695
5.799168525
5.801811355
5.804454185
5.807097015
5.809739845
5.812382675
5.815025505
5.817668335
5.820311165
5.822953995
5.825596825
5.828239655
5.830882485
5.833525314
5.836168144
5.838810974
5.841453804
5.844096634
5.846739464
5.849382294
5.852025124
5.854667954
5.857310784
5.859953614
5.862596444
5.865239274
5.867882104
5.870524933
5.873167763
5.875810593
5.878453423
5.881096253
5.883739083
5.886381913
5.889024743
5.891667573
5.894310403
5.896953233
5.899596063
5.902238893
5.904881723
5.907524552
5.910167382
5.912810212
5.915453042
5.918095872
5.920738702
5.923381532
5.926024362
5.928667192
5.931310022
5.933952852
5.936595682
5.939238512
5.941881342
5.944524171
5.947167001
5.949809831
5.952452661
5.955095491
5.957738321
5.960381151
5.963023981
5.965666811
5.968309641
5.970952471
5.973595301
5.976238131
5.978880961
5.98152379
5.98416662
5.98680945
5.98945228
5.99209511
5.99473794
5.99738077
